'SV-A23-SVGTFS-Fête-3-01',53201,50830,4,'',0,3200,4,'',0,8120,4,'',0,8000,4,'',0,3860,4,'',0,8000,4,'',0,3940,4,'',0,7980,4,'',0,11500,4,'',0,10500,4,'',0,14600,4,'',0,10500,4,'',0,10680,4,'',0,10500,4,'',0,7840,4,'',0,3960,4,'',0,8000,4,'',0,3920,4,'',0,8000,4,'',0,8000,4,'',0,4000,4,'',0
'SV-A23-SVGTFS-Semaine-01',53201,50830,4,'',0,3200,4,'',0,8120,4,'',0,8000,4,'',0,3860,4,'',0,8000,4,'',0,3940,4,'',0,7980,4,'',0,11500,4,'',0,10500,4,'',0,14600,4,'',0,10500,4,'',0,10680,4,'',0,10500,4,'',0,7840,4,'',0,3960,4,'',0,8000,4,'',0,3920,4,'',0,8000,4,'',0,8000,4,'',0,4000,4,'',0
'SV-A23-SVGTFS-Fête-1-01',70001,64330,4,'',0,20080,4,'',0,20020,4,'',0,20170,4,'',0,19810,4,'',0,20100,4,'',0,19920,4,'',0,19870,4,'',0,19910,4,'',0,20000,4,'',0
'SV-A23-SVGTFS-Fête-3-01',70001,64410,4,'',0,20000,4,'',0,20300,4,'',0,20000,4,'',0,20000,4,'',0,20040,4,'',0,19780,4,'',0,19980,4,'',0,19820,4,'',0,20000,4,'',0
'SV-A23-SVGTFS-Semaine-01',70001,51410,4,'',0,9990,4,'',0,8600,4,'',0,2430,4,'',0,8870,4,'',0,10610,4,'',0,2690,4,'',0,19350,4,'',0,20680,4,'',0,16800,4,'',0,4190,4,'',0,5830,4,'',0,4460,4,'',0,5600,4,'',0,10120,4,'',0,9880,4,'',0,9900,4,'',0,9900,4,'',0,12920,4,'',0,19900,4,'',0
'SV-A23-SVGTFS-Week-end-01',70001,64330,4,'',0,20080,4,'',0,20020,4,'',0,20170,4,'',0,19810,4,'',0,20100,4,'',0,19920,4,'',0,19870,4,'',0,19910,4,'',0,20000,4,'',0
'SV-A23-SVGTFS-Fête-1-01',70101,54640,4,'',0,19960,4,'',0,20000,4,'',0,20000,4,'',0,20010,4,'',0,19920,4,'',0,19970,4,'',0,20000,4,'',0,20000,4,'',0,19910,4,'',0
'SV-A23-SVGTFS-Fête-3-01',70101,54430,4,'',0,20080,4,'',0,20290,4,'',0,20030,4,'',0,19870,4,'',0,20030,4,'',0,19980,4,'',0,19790,4,'',0,20000,4,'',0,20000,4,'',0
'SV-A23-SVGTFS-Semaine-01',70101,54530,4,'',0,10470,4,'',0,6830,4,'',0,3080,4,'',0,9800,4,'',0,20090,4,'',0,20030,4,'',0,19900,4,'',0,10200,4,'',0,9800,4,'',0,9980,4,'',0,10290,4,'',0,9500,4,'',0,9900,4,'',0,10000,4,'',0,20000,4,'',0
'SV-A23-SVGTFS-Week-end-01',70101,54640,4,'',0,19960,4,'',0,20000,4,'',0,20000,4,'',0,20010,4,'',0,19920,4,'',0,19970,4,'',0,20000,4,'',0,20000,4,'',0,19910,4,'',0
'SV-A23-SVGTFS-Fête-3-01',70701,65850,4,'',0,86500,4,'',0,8790,4,'',0,14610,4,'',0
'SV-A23-SVGTFS-Semaine-01',70701,65850,4,'',0,86500,4,'',0,8790,4,'',0,14610,4,'',0
'SV-A23-SVGTFS-Fête-3-01',70901,60320,4,'',0,14680,4,'',0,96100,4,'',0
'SV-A23-SVGTFS-Semaine-01',70901,60320,4,'',0,14680,4,'',0,96100,4,'',0
'SV-A23-SVGTFS-Fête-3-01',71001,75450,4,'',0
'SV-A23-SVGTFS-Semaine-01',71001,75450,4,'',0
'SV-A23-SVGTFS-Fête-1-01',72001,83000,4,'',0,20000,4,'',0,20000,4,'',0,20000,4,'',0,20000,4,'',0,20000,4,'',0
'SV-A23-SVGTFS-Fête-3-01',72001,52500,4,'',0,3000,4,'',0,7000,4,'',0,3000,4,'',0,6000,4,'',0,2000,4,'',0,2000,4,'',0,6000,4,'',0,3500,4,'',0,8500,4,'',0,9500,4,'',0,10000,4,'',0,10000,4,'',0,10000,4,'',0,10000,4,'',0,17000,4,'',0,4500,4,'',0,26500,4,'',0,4500,4,'',0
'SV-A23-SVGTFS-Semaine-01',72001,52500,4,'',0,20300,4,'',0,30200,4,'',0,10000,4,'',0,10000,4,'',0,10000,4,'',0,10000,4,'',0,7000,4,'',0,10000,4,'',0,4500,4,'',0,26000,4,'',0,5000,4,'',0
'SV-A23-SVGTFS-Week-end-01',72001,83000,4,'',0,20000,4,'',0,20000,4,'',0,20000,4,'',0,20000,4,'',0,20000,4,'',0
'SV-A23-SVGTFS-Semaine-01',72101,60800,4,'',0,3100,4,'',0,2000,4,'',0,6000,4,'',0,2000,4,'',0,2000,4,'',0,6000,4,'',0,1900,4,'',0,2000,4,'',0,7500,4,'',0
'SV-A23-SVGTFS-Semaine-01',72201,61200,4,'',0,3000,4,'',0,6000,4,'',0,2000,4,'',0,2000,4,'',0,6000,4,'',0,1900,4,'',0,2000,4,'',0,6000,4,'',0,2000,4,'',0
'SV-A23-SVGTFS-Fête-3-01',72301,123600,4,'',0,9700,4,'',0,21300,4,'',0,7000,4,'',0,1000,4,'',0,3000,4,'',0,9500,4,'',0,9700,4,'',0,28500,4,'',0
'SV-A23-SVGTFS-Semaine-01',72301,123600,4,'',0,9700,4,'',0,21300,4,'',0,7000,4,'',0,1000,4,'',0,3000,4,'',0,6000,4,'',0,3500,4,'',0,8700,4,'',0,29500,4,'',0
'SV-A23-SVGTFS-Fête-3-01',73001,72200,4,'',0,42000,4,'',0
'SV-A23-SVGTFS-Semaine-01',73001,72200,4,'',0,42000,4,'',0
'SV-A23-SVGTFS-Fête-3-01',73101,53200,4,'',0,9200,4,'',0,3000,4,'',0,15300,4,'',0,4500,4,'',0
'SV-A23-SVGTFS-Semaine-01',73101,53200,4,'',0,9200,4,'',0,3000,4,'',0,15300,4,'',0,4500,4,'',0
'SV-A23-SVGTFS-Fête-3-01',73201,102700,4,'',0,22300,4,'',0,27000,4,'',0,20000,4,'',0,8000,4,'',0,4500,4,'',0,16700,4,'',0,12000,4,'',0,17000,4,'',0
'SV-A23-SVGTFS-Semaine-01',73201,102300,4,'',0,22700,4,'',0,27000,4,'',0,8500,4,'',0,9500,4,'',0,2000,4,'',0,8000,4,'',0,4000,4,'',0,17200,4,'',0,12000,4,'',0,17000,4,'',0
