'SV-H23-SVGTFS-Semaine-03',70001,74250,4,'',0,41000,4,'',0
'SV-H23-SVGTFS-Semaine-04',70001,74250,4,'',0,41000,4,'',0
'SV-H23-SVGTFS-Semaine-03',72001,53750,4,'',0,50800,4,'',0,10000,4,'',0,10000,4,'',0,9700,4,'',0,10000,4,'',0,7300,4,'',0,10000,4,'',0
'SV-H23-SVGTFS-Semaine-04',72001,53750,4,'',0,50800,4,'',0,10000,4,'',0,10000,4,'',0,9700,4,'',0,10000,4,'',0,7300,4,'',0,10000,4,'',0
'SV-H23-SVGTFS-Semaine-03',72101,83050,4,'',0,1900,4,'',0,6000,4,'',0,3500,4,'',0
'SV-H23-SVGTFS-Semaine-04',72101,83050,4,'',0,1900,4,'',0,6000,4,'',0,3500,4,'',0
'SV-H23-SVGTFS-Semaine-03',72201,83250,4,'',0,2000,4,'',0,6000,4,'',0,2000,4,'',0
'SV-H23-SVGTFS-Semaine-04',72201,83250,4,'',0,2000,4,'',0,6000,4,'',0,2000,4,'',0
'SV-H23-SVGTFS-Semaine-03',73001,73550,4,'',0,42000,4,'',0
'SV-H23-SVGTFS-Semaine-04',73001,73550,4,'',0,42000,4,'',0
'SV-H23-SVGTFS-Semaine-03',73201,103620,4,'',0,58200,4,'',0
'SV-H23-SVGTFS-Semaine-04',73201,103620,4,'',0,58200,4,'',0
