'SV-E23-SVGTFS-Semaine-01',70000,54000,,'',0,10000,,'',0,7000,,'',0,1500,,'',0,7500,,'',0,4000,,'',0,10000,,'',0,7000,,'',0,20000,,'',0,20000,,'',0,13000,,'',0,8000,,'',0,9000,,'',0,3000,,'',0,10000,,'',0,10000,,'',0,10000,,'',0,10000,,'',0,17000,,'',0,20000,,'',0
'SV-E23-SVGTFS-Semaine-01',70001,52700,4,'',0,10100,4,'',0,8700,4,'',0,3500,4,'',0,7800,4,'',0,10400,4,'',0,6900,4,'',0,20200,4,'',0,15500,4,'',0,17000,4,'',0,8200,4,'',0,1900,4,'',0,8500,4,'',0,1600,4,'',0,10000,4,'',0,9800,4,'',0,9900,4,'',0,9900,4,'',0,13000,4,'',0,19900,4,'',0
'SV-E23-SVGTFS-Week-end-01',70000,71000,,'',0,20000,,'',0,20000,,'',0,20000,,'',0,20000,,'',0,20000,,'',0,20000,,'',0,20000,,'',0,20000,,'',0,20000,,'',0
'SV-E23-SVGTFS-Week-end-01',70001,65700,4,'',0,20000,4,'',0,20100,4,'',0,20000,4,'',0,19900,4,'',0,20100,4,'',0,20000,4,'',0,19700,4,'',0,20000,4,'',0,20000,4,'',0
'SV-E23-SVGTFS-Semaine-01',70100,61000,,'',0,13000,,'',0,7000,,'',0,10000,,'',0,20000,,'',0,20000,,'',0,20000,,'',0,10000,,'',0,3000,,'',0,8500,,'',0,8500,,'',0,10000,,'',0,10000,,'',0,10000,,'',0,10000,,'',0,20000,,'',0
'SV-E23-SVGTFS-Semaine-01',70101,55900,4,'',0,14300,4,'',0,3000,4,'',0,7000,4,'',0,9800,4,'',0,20000,4,'',0,20200,4,'',0,19900,4,'',0,10200,4,'',0,9800,4,'',0,9900,4,'',0,10200,4,'',0,5500,4,'',0,9900,4,'',0,10000,4,'',0,20000,4,'',0
'SV-E23-SVGTFS-Week-end-01',70100,61000,,'',0,20000,,'',0,20000,,'',0,20000,,'',0,20000,,'',0,20000,,'',0,20000,,'',0,20000,,'',0,20000,,'',0,20000,,'',0
'SV-E23-SVGTFS-Week-end-01',70101,55800,4,'',0,20000,4,'',0,20000,4,'',0,20000,4,'',0,20100,4,'',0,20000,4,'',0,19800,4,'',0,20000,4,'',0,20000,4,'',0,20000,4,'',0
'SV-E23-SVGTFS-Semaine-01',70700,62500,,'',0,9500,,'',0,9500,,'',0,73000,,'',0
'SV-E23-SVGTFS-Semaine-01',70701,71500,4,'',0,82200,4,'',0,8800,4,'',0,18700,4,'',0
'SV-E23-SVGTFS-Semaine-01',70900,163000,,'',0,10500,,'',0,8500,,'',0
'SV-E23-SVGTFS-Semaine-01',70901,61800,4,'',0,18600,4,'',0,92200,4,'',0
'SV-E23-SVGTFS-Semaine-01',71000,175500,,'',0
'SV-E23-SVGTFS-Semaine-01',71001,80800,4,'',0
'SV-E23-SVGTFS-Semaine-01',72301,124900,4,'',0,31000,4,'',0,7000,4,'',0,8000,4,'',0,2000,4,'',0
