'SV-H23-SVGTFS-Semaine-03',70001,73900,4,'',0,41000,4,'',0
'SV-H23-SVGTFS-Semaine-04',70001,73900,4,'',0,41000,4,'',0
'SV-H23-SVGTFS-Semaine-03',72001,53400,4,'',0,20740,4,'',0,30010,4,'',0,10000,4,'',0,10000,4,'',0,9750,4,'',0,10000,4,'',0,7250,4,'',0,10000,4,'',0
'SV-H23-SVGTFS-Semaine-04',72001,53400,4,'',0,20740,4,'',0,30010,4,'',0,10000,4,'',0,10000,4,'',0,9750,4,'',0,10000,4,'',0,7250,4,'',0,10000,4,'',0
'SV-H23-SVGTFS-Semaine-03',72101,82700,4,'',0,1900,4,'',0,6000,4,'',0,3500,4,'',0
'SV-H23-SVGTFS-Semaine-04',72101,82700,4,'',0,1900,4,'',0,6000,4,'',0,3500,4,'',0
'SV-H23-SVGTFS-Semaine-03',72201,82900,4,'',0,2000,4,'',0,6000,4,'',0,2000,4,'',0
'SV-H23-SVGTFS-Semaine-04',72201,82900,4,'',0,2000,4,'',0,6000,4,'',0,2000,4,'',0
'SV-H23-SVGTFS-Semaine-03',73001,73150,4,'',0,42000,4,'',0
'SV-H23-SVGTFS-Semaine-04',73001,73150,4,'',0,42000,4,'',0
'SV-H23-SVGTFS-Semaine-03',73201,103250,4,'',0,58200,4,'',0
'SV-H23-SVGTFS-Semaine-04',73201,103250,4,'',0,58200,4,'',0
