'SV-H23-SVGTFS-Fête-1-02',37000,84700,0,'Ste-Julie',0,10000,0,'Ste-Julie',0,17500,0,'Ste-Julie',0,9500,0,'Ste-Julie',0,38400,0,'St-Amable',0,4700,0,'St-Amable',0,9800,0,'St-Amable',0,8500,0,'St-Amable',0
'SV-H23-SVGTFS-Semaine-02',37000,52200,0,'Ste-Julie',0,9000,0,'Ste-Julie',0,4700,0,'Ste-Julie',0,8500,0,'Ste-Julie',0,10100,0,'Ste-Julie',0,20800,0,'Ste-Julie',0,8600,0,'St-Amable',0,48600,0,'St-Amable',0,9300,0,'St-Amable',0,8700,0,'St-Amable',0,4800,0,'St-Amable',0,9200,0,'St-Amable',0
'SV-H23-SVGTFS-Semaine-03',37000,52200,0,'Ste-Julie',0,9000,0,'Ste-Julie',0,4700,0,'Ste-Julie',0,8500,0,'Ste-Julie',0,10100,0,'Ste-Julie',0,20800,0,'Ste-Julie',0,8600,0,'St-Amable',0,48600,0,'St-Amable',0,9300,0,'St-Amable',0,8700,0,'St-Amable',0,4800,0,'St-Amable',0,9200,0,'St-Amable',0
'SV-H23-SVGTFS-Week-end-02',37000,84700,0,'Ste-Julie',0,10000,0,'Ste-Julie',0,17500,0,'Ste-Julie',0,9500,0,'Ste-Julie',0,38400,0,'St-Amable',0,4700,0,'St-Amable',0,9800,0,'St-Amable',0,8500,0,'St-Amable',0
'SV-H23-SVGTFS-Semaine-02',73001,65500,,'',0,46000,,'',0
'SV-H23-SVGTFS-Semaine-03',73001,65500,,'',0,46000,,'',0
'SV-H23-SVGTFS-Semaine-02',73101,50700,,'',0,5000,,'',0,7000,,'',0,11500,,'',0,8500,,'',0
'SV-H23-SVGTFS-Semaine-03',73101,50700,,'',0,5000,,'',0,7000,,'',0,11500,,'',0,8500,,'',0
'SV-H23-SVGTFS-Semaine-02',73201,100500,,'',0,22700,,'',0,27000,,'',0,4500,,'',0,9500,,'',0,6000,,'',0,4000,,'',0,8000,,'',0,13300,,'',0,16000,,'',0,13000,,'',0
'SV-H23-SVGTFS-Semaine-03',73201,100500,,'',0,22700,,'',0,27000,,'',0,4500,,'',0,9500,,'',0,6000,,'',0,4000,,'',0,8000,,'',0,13300,,'',0,16000,,'',0,13000,,'',0
