37000,71321,1,0
37000,71200,2,0
37000,71201,3,0
37000,71202,4,0
37000,71203,5,0
37000,71034,6,0
37000,70224,7,0
37000,70220,8,0
37000,70298,9,0
37000,70296,10,0
37000,70322,11,0
37000,70294,12,0
37000,70310,13,0
37000,70308,14,0
37000,70292,15,0
37000,70302,16,0
37000,70290,17,0
37000,70314,18,0
37000,70288,19,0
37000,70306,20,0
37000,70286,21,0
37000,70236,22,0
37000,70300,23,0
37000,70282,24,0
37000,70318,25,0
37000,70316,26,0
37000,70280,27,0
37000,70278,28,0
37000,70304,29,0
37000,70276,30,0
37000,70274,31,0
37000,70272,32,0
37000,70312,33,0
37000,70268,34,0
37000,70266,35,0
37000,70264,36,0
37000,70244,37,0
37000,70262,38,0
37000,70260,39,0
37000,70242,40,0
37000,70324,41,0
37000,70256,42,0
37000,70253,43,0
37000,70254,44,0
37000,70252,45,0
37000,70251,46,0
37000,70255,47,0
37000,70323,48,0
37000,70241,49,0
37000,70259,50,0
37000,70261,51,0
37000,70243,52,0
37000,70263,53,0
37000,70265,54,0
37000,70267,55,0
37000,70269,56,0
37000,70271,57,0
37000,70273,58,0
37000,70275,59,0
37000,70303,60,0
37000,70277,61,0
37000,70279,62,0
37000,70315,63,0
37000,70317,64,0
37000,70281,65,0
37000,70299,66,0
37000,70283,67,0
37000,70319,68,0
37000,70295,69,0
37000,70257,70,0
37000,70285,71,0
37000,70305,72,0
37000,70287,73,0
37000,70313,74,0
37000,70289,75,0
37000,70301,76,0
37000,70291,77,0
37000,70307,78,0
37000,70309,79,0
37000,70293,80,0
37000,70321,81,0
37000,70311,82,0
37000,70297,83,0
37000,70219,84,0
37000,70223,85,0
37000,71047,86,0
37000,71356,87,0
37000,71294,88,0
37000,71296,89,0
37000,71221,90,1
70000,70000,1,0
70000,70004,2,0
70000,201006,3,0
70000,201030,4,0
70000,101064,5,0
70000,70500,6,0
70000,70008,7,0
70000,70040,8,0
70000,70054,9,0
70000,70070,10,0
70000,70098,11,0
70000,70112,12,0
70000,70124,13,0
70000,70148,14,0
70000,70150,15,0
70000,70162,16,0
70000,70182,17,0
70000,70334,18,0
70000,70336,19,0
70000,70338,20,0
70000,70340,21,0
70000,70350,22,0
70000,70352,23,0
70000,70354,24,0
70000,70356,25,0
70000,70342,26,0
70000,70344,27,0
70000,70346,28,0
70000,70358,29,0
70000,70360,30,0
70000,70362,31,0
70000,70348,32,0
70000,70376,33,0
70000,70444,34,0
70000,70452,35,0
70000,70454,36,0
70000,70456,37,0
70000,70460,38,0
70000,70464,39,0
70000,70468,40,0
70000,70474,41,0
70000,70480,42,0
70000,70494,43,0
70000,70522,44,0
70000,70530,45,0
70000,70532,46,0
70000,70564,47,0
70000,70572,48,0
70000,70576,49,0
70000,70580,50,0
70000,70584,51,0
70000,70596,52,0
70000,70600,53,0
70000,70604,54,0
70000,70606,55,0
70000,70616,56,0
70000,70614,57,0
70000,70620,58,0
70000,70622,59,0
70000,70626,60,0
70000,70618,61,0
70000,70624,62,0
70000,70630,63,0
70000,70634,64,0
70000,70628,65,0
70000,70632,66,0
70000,70636,67,0
70000,70638,68,0
70000,70642,69,0
70000,70644,70,0
70000,70640,71,0
70000,70646,72,0
70000,70648,73,0
70000,70650,74,0
70000,70015,75,0
70000,70013,76,0
70000,70010,77,0
70000,70662,78,0
70000,70666,79,0
70000,70668,80,0
70000,70670,81,0
70000,70678,82,0
70000,70686,83,0
70000,70688,84,0
70000,70698,85,0
70000,70710,86,0
70000,70684,87,0
70000,70694,88,0
70000,70702,89,0
70000,70708,90,0
70000,70716,91,0
70000,70720,92,0
70000,70718,93,1
70001,70719,1,0
70001,70713,2,0
70001,70711,3,0
70001,70699,4,0
70001,70689,5,0
70001,70687,6,0
70001,70679,7,0
70001,70721,8,0
70001,70717,9,0
70001,70709,10,0
70001,70703,11,0
70001,70695,12,0
70001,70685,13,0
70001,70681,14,0
70001,70671,15,0
70001,70669,16,0
70001,70667,17,0
70001,70663,18,0
70001,70011,19,0
70001,70012,20,0
70001,70014,21,0
70001,70651,22,0
70001,70649,23,0
70001,70647,24,0
70001,70641,25,0
70001,70645,26,0
70001,70643,27,0
70001,70639,28,0
70001,70637,29,0
70001,70633,30,0
70001,70629,31,0
70001,70635,32,0
70001,70631,33,0
70001,70625,34,0
70001,70619,35,0
70001,70627,36,0
70001,70623,37,0
70001,70621,38,0
70001,70615,39,0
70001,70617,40,0
70001,70607,41,0
70001,70605,42,0
70001,70601,43,0
70001,70597,44,0
70001,70585,45,0
70001,70581,46,0
70001,70577,47,0
70001,70573,48,0
70001,70565,49,0
70001,70533,50,0
70001,70531,51,0
70001,70523,52,0
70001,70495,53,0
70001,70481,54,0
70001,70475,55,0
70001,70469,56,0
70001,70465,57,0
70001,70461,58,0
70001,70457,59,0
70001,70455,60,0
70001,70453,61,0
70001,70445,62,0
70001,70377,63,0
70001,70349,64,0
70001,70363,65,0
70001,70361,66,0
70001,70359,67,0
70001,70345,68,0
70001,70343,69,0
70001,70341,70,0
70001,70339,71,0
70001,70357,72,0
70001,70355,73,0
70001,70353,74,0
70001,70351,75,0
70001,70337,76,0
70001,70335,77,0
70001,70183,78,0
70001,70163,79,0
70001,70151,80,0
70001,70149,81,0
70001,70125,82,0
70001,70113,83,0
70001,70099,84,0
70001,70071,85,0
70001,70061,86,0
70001,70055,87,0
70001,70041,88,0
70001,70007,89,0
70001,70500,90,0
70001,203006,91,0
70001,70005,92,0
70001,103063,93,0
70001,70000,94,1
70900,70000,1,0
70900,70056,2,0
70900,70462,3,0
70900,70626,4,0
70900,70674,5,0
70900,70718,6,1
70901,70719,1,0
70901,70713,2,0
70901,70675,3,0
70901,70627,4,0
70901,70463,5,0
70901,70057,6,0
70901,70000,7,1
72000,70000,1,0
72000,70004,2,0
72000,201006,3,0
72000,70500,4,0
72000,70008,5,0
72000,70042,6,0
72000,70032,7,0
72000,70044,8,0
72000,70046,9,0
72000,70034,10,0
72000,70048,11,0
72000,70052,12,0
72000,70056,13,0
72000,70058,14,0
72000,70062,15,0
72000,70066,16,0
72000,70068,17,0
72000,70074,18,0
72000,70078,19,0
72000,70092,20,0
72000,70100,21,0
72000,70118,22,0
72000,70120,23,0
72000,70134,24,0
72000,70140,25,0
72000,70136,26,0
72000,70122,27,0
72000,70108,28,0
72000,70094,29,0
72000,70090,30,0
72000,70086,31,0
72000,70082,32,0
72000,70084,33,0
72000,70102,34,0
72000,70104,35,0
72000,70110,36,0
72000,70116,37,0
72000,70126,38,0
72000,70130,39,0
72000,70142,40,0
72000,70144,41,0
72000,70132,42,0
72000,70138,43,0
72000,70128,44,0
72000,70114,45,0
72000,70096,46,1
72001,70097,1,0
72001,70115,2,0
72001,70129,3,0
72001,70139,4,0
72001,70133,5,0
72001,70145,6,0
72001,70143,7,0
72001,70131,8,0
72001,70117,9,0
72001,70111,10,0
72001,70105,11,0
72001,70103,12,0
72001,70085,13,0
72001,70083,14,0
72001,70081,15,0
72001,70091,16,0
72001,70095,17,0
72001,70109,18,0
72001,70123,19,0
72001,70137,20,0
72001,70141,21,0
72001,70135,22,0
72001,70127,23,0
72001,70119,24,0
72001,70101,25,0
72001,70093,26,0
72001,70079,27,0
72001,70075,28,0
72001,70069,29,0
72001,70067,30,0
72001,70063,31,0
72001,70059,32,0
72001,70057,33,0
72001,70053,34,0
72001,70049,35,0
72001,70035,36,0
72001,70047,37,0
72001,70045,38,0
72001,70033,39,0
72001,70043,40,0
72001,70007,41,0
72001,70500,42,0
72001,203006,43,0
72001,70005,44,0
72001,70000,45,1
72100,70000,1,0
72100,70500,2,0
72100,70008,3,0
72100,70042,4,0
72100,70032,5,0
72100,70044,6,0
72100,70046,7,0
72100,70034,8,0
72100,70048,9,0
72100,70052,10,0
72100,70056,11,0
72100,70058,12,0
72100,70062,13,0
72100,70066,14,0
72100,70068,15,0
72100,70074,16,0
72100,70078,17,0
72100,70092,18,0
72100,70100,19,0
72100,70118,20,0
72100,70120,21,0
72100,70130,22,0
72100,70142,23,0
72100,70144,24,0
72100,70132,25,0
72100,70138,26,0
72100,70128,27,0
72100,70114,28,0
72100,70096,29,1
72101,70097,1,0
72101,70115,2,0
72101,70129,3,0
72101,70139,4,0
72101,70133,5,0
72101,70145,6,0
72101,70143,7,0
72101,70131,8,0
72101,70121,9,0
72101,70119,10,0
72101,70101,11,0
72101,70093,12,0
72101,70079,13,0
72101,70075,14,0
72101,70069,15,0
72101,70067,16,0
72101,70063,17,0
72101,70059,18,0
72101,70057,19,0
72101,70053,20,0
72101,70049,21,0
72101,70035,22,0
72101,70047,23,0
72101,70045,24,0
72101,70033,25,0
72101,70043,26,0
72101,70007,27,0
72101,70500,28,0
72101,203006,29,0
72101,70005,30,0
72101,70000,31,1
72200,70000,1,0
72200,70500,2,0
72200,70008,3,0
72200,70040,4,0
72200,70056,5,0
72200,70058,6,0
72200,70062,7,0
72200,70072,8,0
72200,70076,9,0
72200,70080,10,0
72200,70082,11,0
72200,70084,12,0
72200,70102,13,0
72200,70104,14,0
72200,70110,15,0
72200,70116,16,0
72200,70126,17,0
72200,70134,18,0
72200,70140,19,0
72200,70136,20,0
72200,70122,21,0
72200,70108,22,0
72200,70094,23,0
72200,70090,24,1
72201,70091,1,0
72201,70095,2,0
72201,70109,3,0
72201,70123,4,0
72201,70137,5,0
72201,70141,6,0
72201,70135,7,0
72201,70127,8,0
72201,70117,9,0
72201,70111,10,0
72201,70105,11,0
72201,70103,12,0
72201,70085,13,0
72201,70083,14,0
72201,70081,15,0
72201,70077,16,0
72201,70073,17,0
72201,70065,18,0
72201,70059,19,0
72201,70057,20,0
72201,70041,21,0
72201,70007,22,0
72201,70500,23,0
72201,203006,24,0
72201,70005,25,0
72201,70000,26,1
72300,70000,1,0
72300,70008,2,0
72300,70038,3,0
72300,70036,4,0
72300,70028,5,0
72300,70026,6,0
72300,70024,7,0
72300,70022,8,0
72300,302109,9,0
72300,301146,10,0
72300,302156,11,1
72301,70021,1,0
72301,301146,2,0
72301,302156,3,0
72301,302109,4,0
72301,70023,5,0
72301,70025,6,0
72301,70027,7,0
72301,70029,8,0
72301,70037,9,0
72301,70039,10,0
72301,70007,11,0
72301,70000,12,1
72400,70000,1,0
72400,70097,2,1
72401,70096,1,0
72401,70000,2,1
73100,70000,1,0
73100,70004,2,0
73100,70500,3,0
73100,70008,4,0
73100,70038,5,0
73100,70036,6,0
73100,70028,7,0
73100,70026,8,0
73100,70024,9,0
73100,70022,10,0
73100,70224,11,0
73100,70220,12,0
73100,70298,13,0
73100,70296,14,0
73100,70322,15,0
73100,70294,16,0
73100,70310,17,0
73100,70308,18,0
73100,70292,19,0
73100,70302,20,0
73100,70290,21,0
73100,70314,22,0
73100,70288,23,0
73100,70306,24,0
73100,70286,25,0
73100,70236,26,0
73100,70300,27,0
73100,70282,28,0
73100,70318,29,0
73100,70316,30,0
73100,70280,31,0
73100,70278,32,0
73100,70304,33,0
73100,70276,34,0
73100,70274,35,0
73100,70272,36,0
73100,70312,37,0
73100,70270,38,0
73100,70268,39,0
73100,70266,40,0
73100,70264,41,0
73100,70244,42,0
73100,70262,43,0
73100,70260,44,0
73100,70242,45,0
73100,70324,46,0
73100,70256,47,0
73100,70254,48,0
73100,70252,49,1
73101,70251,1,0
73101,70253,2,0
73101,70255,3,0
73101,70323,4,0
73101,70241,5,0
73101,70259,6,0
73101,70261,7,0
73101,70243,8,0
73101,70263,9,0
73101,70265,10,0
73101,70267,11,0
73101,70269,12,0
73101,70271,13,0
73101,70273,14,0
73101,70275,15,0
73101,70303,16,0
73101,70277,17,0
73101,70279,18,0
73101,70315,19,0
73101,70317,20,0
73101,70281,21,0
73101,70299,22,0
73101,70257,23,0
73101,70285,24,0
73101,70305,25,0
73101,70287,26,0
73101,70313,27,0
73101,70289,28,0
73101,70301,29,0
73101,70291,30,0
73101,70307,31,0
73101,70309,32,0
73101,70293,33,0
73101,70321,34,0
73101,70311,35,0
73101,70295,36,0
73101,70297,37,0
73101,70219,38,0
73101,70223,39,0
73101,70025,40,0
73101,70027,41,0
73101,70029,42,0
73101,70037,43,0
73101,70039,44,0
73101,70007,45,0
73101,70500,46,0
73101,70000,47,1
73200,70000,1,0
73200,70008,2,0
73200,70038,3,0
73200,70036,4,0
73200,70028,5,0
73200,70026,6,0
73200,70024,7,0
73200,70030,8,0
73200,70022,9,0
73200,70224,10,0
73200,70220,11,0
73200,70298,12,0
73200,70296,13,0
73200,70320,14,0
73200,70284,15,0
73200,70300,16,0
73200,70282,17,0
73200,70270,18,0
73200,70268,19,0
73200,70266,20,0
73200,70264,21,0
73200,70244,22,0
73200,70262,23,0
73200,70260,24,0
73200,70242,25,0
73200,70324,26,0
73200,70256,27,0
73200,70252,28,1
73201,70251,1,0
73201,70255,2,0
73201,70323,3,0
73201,70241,4,0
73201,70259,5,0
73201,70261,6,0
73201,70243,7,0
73201,70263,8,0
73201,70265,9,0
73201,70267,10,0
73201,70269,11,0
73201,70281,12,0
73201,70299,13,0
73201,70283,14,0
73201,70319,15,0
73201,70295,16,0
73201,70297,17,0
73201,70219,18,0
73201,70223,19,0
73201,70023,20,0
73201,70025,21,0
73201,70027,22,0
73201,70029,23,0
73201,70037,24,0
73201,70039,25,0
73201,70007,26,0
73201,70500,27,0
73201,70005,28,0
73201,70000,29,1
