'SV-H23-SVGTFS-Fête-1-02',70100,65900,4,'',0,20000,4,'',0,20000,4,'',0,20000,4,'',0,24100,4,'',0,15900,4,'',0,20000,4,'',0,20000,4,'',0,19900,4,'',0,20000,4,'',0
'SV-H23-SVGTFS-Fête-1-02',70101,51000,,'',0,20000,,'',0,20000,,'',0,20000,,'',0,20000,,'',0,20000,,'',0,20000,,'',0,20000,,'',0,20000,,'',0,20000,,'',0
'SV-H23-SVGTFS-Semaine-02',70100,65900,4,'',0,17000,4,'',0,3000,4,'',0,10000,4,'',0,20000,4,'',0,20000,4,'',0,24200,4,'',0,10000,4,'',0,3000,4,'',0,8500,4,'',0,8400,4,'',0,5900,4,'',0,9900,4,'',0,10000,4,'',0,9900,4,'',0,20000,4,'',0
'SV-H23-SVGTFS-Semaine-02',70101,51000,,'',0,10000,,'',0,3000,,'',0,7000,,'',0,10000,,'',0,20000,,'',0,20000,,'',0,20000,,'',0,10000,,'',0,10000,,'',0,10000,,'',0,10500,,'',0,9500,,'',0,10000,,'',0,10000,,'',0,20000,,'',0
'SV-H23-SVGTFS-Semaine-03',70100,65900,4,'',0,17000,4,'',0,3000,4,'',0,10000,4,'',0,20000,4,'',0,20000,4,'',0,24200,4,'',0,10000,4,'',0,3000,4,'',0,8500,4,'',0,8400,4,'',0,5900,4,'',0,9900,4,'',0,10000,4,'',0,9900,4,'',0,20000,4,'',0
'SV-H23-SVGTFS-Semaine-03',70101,51000,,'',0,10000,,'',0,3000,,'',0,7000,,'',0,10000,,'',0,20000,,'',0,20000,,'',0,20000,,'',0,10000,,'',0,10000,,'',0,10000,,'',0,10500,,'',0,9500,,'',0,10000,,'',0,10000,,'',0,20000,,'',0
'SV-H23-SVGTFS-Week-end-02',70100,65900,4,'',0,20000,4,'',0,20000,4,'',0,20000,4,'',0,24100,4,'',0,15900,4,'',0,20000,4,'',0,20000,4,'',0,19900,4,'',0,20000,4,'',0
'SV-H23-SVGTFS-Week-end-02',70101,51000,,'',0,20000,,'',0,20000,,'',0,20000,,'',0,20000,,'',0,20000,,'',0,20000,,'',0,20000,,'',0,20000,,'',0,20000,,'',0
'SV-H23-SVGTFS-Semaine-02',70701,62500,,'',0,82500,,'',0,8800,,'',0,18700,,'',0
'SV-H23-SVGTFS-Semaine-03',70701,62500,,'',0,82500,,'',0,8800,,'',0,18700,,'',0
'SV-H23-SVGTFS-Semaine-02',70900,171100,4,'',0,10500,4,'',0,8500,4,'',0
'SV-H23-SVGTFS-Semaine-03',70900,171100,4,'',0,10500,4,'',0,8500,4,'',0
