'SV-H23-SVGTFS-Semaine-05',53201,50830,4,'',0,3200,4,'',0,8120,4,'',0,8000,4,'',0,3860,4,'',0,8000,4,'',0,3940,4,'',0,7980,4,'',0,11500,4,'',0,10500,4,'',0,14600,4,'',0,10500,4,'',0,10680,4,'',0,10500,4,'',0,7840,4,'',0,3960,4,'',0,8000,4,'',0,3920,4,'',0,8000,4,'',0,8000,4,'',0,4000,4,'',0
'SV-H23-SVGTFS-Fête-1-03',70001,64500,4,'',0,20000,4,'',0,20000,4,'',0,20000,4,'',0,20000,4,'',0,20000,4,'',0,20000,4,'',0,19900,4,'',0,20000,4,'',0,20000,4,'',0
'SV-H23-SVGTFS-Semaine-05',70001,51700,4,'',0,9800,4,'',0,8500,4,'',0,3000,4,'',0,8500,4,'',0,10700,4,'',0,2500,4,'',0,19300,4,'',0,20500,4,'',0,17300,4,'',0,3700,4,'',0,6400,4,'',0,8500,4,'',0,1500,4,'',0,10000,4,'',0,9800,4,'',0,10000,4,'',0,9900,4,'',0,13000,4,'',0,19900,4,'',0
'SV-H23-SVGTFS-Week-end-03',70001,64500,4,'',0,20000,4,'',0,20000,4,'',0,20000,4,'',0,20000,4,'',0,20000,4,'',0,20000,4,'',0,19900,4,'',0,20000,4,'',0,20000,4,'',0
'SV-H23-SVGTFS-Fête-1-03',70101,54600,4,'',0,20000,4,'',0,20000,4,'',0,19900,4,'',0,20000,4,'',0,20000,4,'',0,20000,4,'',0,20000,4,'',0,20000,4,'',0,20000,4,'',0
'SV-H23-SVGTFS-Semaine-05',70101,54900,4,'',0,10200,4,'',0,7000,4,'',0,3000,4,'',0,9900,4,'',0,19800,4,'',0,20000,4,'',0,20000,4,'',0,10100,4,'',0,10100,4,'',0,9900,4,'',0,10300,4,'',0,9500,4,'',0,9900,4,'',0,10000,4,'',0,20000,4,'',0
'SV-H23-SVGTFS-Week-end-03',70101,54600,4,'',0,20000,4,'',0,20000,4,'',0,19900,4,'',0,20000,4,'',0,20000,4,'',0,20000,4,'',0,20000,4,'',0,20000,4,'',0,20000,4,'',0
'SV-H23-SVGTFS-Semaine-05',70701,70230,4,'',0,82200,4,'',0,8800,4,'',0,14700,4,'',0
'SV-H23-SVGTFS-Semaine-05',70901,60500,4,'',0,14520,4,'',0,96200,4,'',0
'SV-H23-SVGTFS-Semaine-05',71001,75610,4,'',0
'SV-H23-SVGTFS-Fête-1-03',72001,83000,4,'',0,20000,4,'',0,20000,4,'',0,20000,4,'',0,20000,4,'',0,20000,4,'',0
'SV-H23-SVGTFS-Semaine-05',72001,52500,4,'',0,20600,4,'',0,29900,4,'',0,10000,4,'',0,10000,4,'',0,10000,4,'',0,10000,4,'',0,7000,4,'',0,10000,4,'',0,4500,4,'',0,26000,4,'',0,5000,4,'',0
'SV-H23-SVGTFS-Week-end-03',72001,83000,4,'',0,20000,4,'',0,20000,4,'',0,20000,4,'',0,20000,4,'',0,20000,4,'',0
'SV-H23-SVGTFS-Semaine-05',72101,60800,4,'',0,3100,4,'',0,2000,4,'',0,6000,4,'',0,2000,4,'',0,2000,4,'',0,6000,4,'',0,1900,4,'',0,2000,4,'',0,7500,4,'',0
'SV-H23-SVGTFS-Semaine-05',72201,61200,4,'',0,3000,4,'',0,6000,4,'',0,2000,4,'',0,2000,4,'',0,6000,4,'',0,1900,4,'',0,2000,4,'',0,6000,4,'',0,2000,4,'',0
'SV-H23-SVGTFS-Semaine-05',72301,123600,4,'',0,9700,4,'',0,21300,4,'',0,7000,4,'',0,1000,4,'',0,3000,4,'',0,6000,4,'',0,3500,4,'',0,8700,4,'',0,29500,4,'',0
'SV-H23-SVGTFS-Semaine-05',73001,72200,4,'',0,42000,4,'',0
'SV-H23-SVGTFS-Semaine-05',73101,53200,4,'',0,9200,4,'',0,3000,4,'',0,15300,4,'',0,4500,4,'',0
'SV-H23-SVGTFS-Semaine-05',73201,102300,4,'',0,22700,4,'',0,27000,4,'',0,8500,4,'',0,9500,4,'',0,2000,4,'',0,8000,4,'',0,4000,4,'',0,17200,4,'',0,12000,4,'',0,17000,4,'',0
