'SV-A23-SVGTFS-Fête-1-01',37000,103300,0,'St-Amable',0,27500,0,'St-Amable',0,24500,0,'St-Amable',0,8700,0,'St-Amable',0,9800,0,'St-Amable',0,8500,0,'St-Amable',0,9900,0,'St-Amable',0
'SV-A23-SVGTFS-Fête-3-01',37000,60300,0,'Ste-Julie',0,4700,0,'Ste-Julie',0,8500,0,'Ste-Julie',0,10500,0,'Ste-Julie',0,29000,0,'St-Amable',0,48900,0,'St-Amable',0,8700,0,'St-Amable',0,4800,0,'St-Amable',0,8700,0,'St-Amable',0,9500,0,'St-Amable',0
'SV-A23-SVGTFS-Semaine-02',37000,60300,0,'Ste-Julie',0,4700,0,'Ste-Julie',0,8500,0,'Ste-Julie',0,10500,0,'Ste-Julie',0,29000,0,'St-Amable',0,48900,0,'St-Amable',0,8700,0,'St-Amable',0,4800,0,'St-Amable',0,8700,0,'St-Amable',0,9500,0,'St-Amable',0
'SV-A23-SVGTFS-Week-end-01',37000,103300,0,'St-Amable',0,27500,0,'St-Amable',0,24500,0,'St-Amable',0,8700,0,'St-Amable',0,9800,0,'St-Amable',0,8500,0,'St-Amable',0,9900,0,'St-Amable',0
'SV-A23-SVGTFS-Fête-3-01',73000,124400,,'',0,48500,,'',0
'SV-A23-SVGTFS-Semaine-02',73000,125500,,'',0,48500,,'',0
'SV-A23-SVGTFS-Fête-3-01',73100,134400,,'',0,27500,,'',0,9000,,'',0,11000,,'',0,4000,,'',0,49500,,'',0
'SV-A23-SVGTFS-Semaine-02',73100,134400,,'',0,29100,,'',0,8500,,'',0,3900,,'',0,6000,,'',0,9100,,'',0,44400,,'',0
'SV-A23-SVGTFS-Fête-3-01',73200,71200,,'',0,23500,,'',0,49000,,'',0,50000,,'',0,12000,,'',0,17000,,'',0
'SV-A23-SVGTFS-Semaine-02',73200,71200,,'',0,23500,,'',0,49000,,'',0,50000,,'',0,12000,,'',0,17000,,'',0
'SV-A23-SVGTFS-Fête-3-01',73300,90000,4,'',0,22000,4,'',0
'SV-A23-SVGTFS-Semaine-02',73300,82000,4,'',0,8000,4,'',0,22000,4,'',0
