37000,0,'Nord',370
70000,0,'Nord',700
70001,0,'Sud',700
70500,0,'Nord',705
70501,0,'Sud',705
70700,0,'Nord',707
70701,0,'Sud',707
70800,0,'Nord',708
70900,0,'Nord',709
70901,0,'Sud',709
71000,0,'Nord',710
71001,0,'Sud',710
72000,0,'Nord',720
72001,0,'Sud',720
72100,0,'Nord',721
72101,0,'Sud',721
72200,0,'Nord',722
72201,0,'Sud',722
72300,0,'Nord',723
72301,0,'Sud',723
72400,0,'Nord',724
72401,0,'Sud',724
73001,0,'Longueuil',730
73000,0,'St-Amable',730
73100,0,'St-Amable',731
73101,0,'Sud',731
73200,0,'Nord',732
73201,0,'Sud',732
73300,0,'Nord',733
73301,0,'Sud',733
