37000,71323,1,0
37000,71200,2,0
37000,71201,3,0
37000,71202,4,0
37000,71203,5,0
37000,71026,6,0
37000,70202,7,0
37000,70200,8,0
37000,71034,9,0
37000,70224,10,0
37000,70220,11,0
37000,70298,12,0
37000,70296,13,0
37000,70322,14,0
37000,70294,15,0
37000,70310,16,0
37000,70308,17,0
37000,70292,18,0
37000,70302,19,0
37000,70290,20,0
37000,70314,21,0
37000,70288,22,0
37000,70306,23,0
37000,70286,24,0
37000,70236,25,0
37000,70300,26,0
37000,70282,27,0
37000,70318,28,0
37000,70316,29,0
37000,70280,30,0
37000,70278,31,0
37000,70304,32,0
37000,70276,33,0
37000,70274,34,0
37000,70272,35,0
37000,70312,36,0
37000,70201,37,0
37000,70271,38,0
37000,70273,39,0
37000,70275,40,0
37000,70303,41,0
37000,70277,42,0
37000,70279,43,0
37000,70315,44,0
37000,70317,45,0
37000,70281,46,0
37000,70299,47,0
37000,70257,48,0
37000,70285,49,0
37000,70305,50,0
37000,70287,51,0
37000,70313,52,0
37000,70289,53,0
37000,70301,54,0
37000,70291,55,0
37000,70307,56,0
37000,70309,57,0
37000,70293,58,0
37000,70321,59,0
37000,70311,60,0
37000,70297,61,0
37000,70219,62,0
37000,70223,63,0
37000,71047,64,0
37000,71033,65,0
37000,71356,66,0
37000,71294,67,0
37000,71296,68,0
37000,71221,69,0
37000,70268,70,0
37000,70266,71,0
37000,70264,72,0
37000,70244,73,0
37000,70262,74,0
37000,70260,75,0
37000,70242,76,0
37000,70324,77,0
37000,70256,78,0
37000,70254,79,0
37000,70252,80,0
37000,70255,81,0
37000,70323,82,0
37000,70241,83,0
37000,70259,84,0
37000,70261,85,0
37000,70243,86,0
37000,70263,87,0
37000,70265,88,0
37000,70267,89,0
37000,70269,90,0
53200,70020,1,0
53200,70155,2,0
53200,70008,3,0
53200,70040,4,0
53200,70054,5,0
53200,70059,6,1
53201,70059,1,0
53201,70057,2,0
53201,70041,3,0
53201,70007,4,1
53201,70156,5,1
53201,70020,6,1
70000,70001,1,0
70000,74182,2,0
70000,70004,3,0
70000,71330,4,0
70000,70500,5,0
70000,70008,6,0
70000,70040,7,0
70000,70054,8,0
70000,70060,9,0
70000,70070,10,0
70000,70016,11,0
70000,70098,12,0
70000,70112,13,0
70000,70124,14,0
70000,70148,15,0
70000,70150,16,0
70000,70189,17,0
70000,70187,18,0
70000,70162,19,0
70000,70182,20,0
70000,70184,21,0
70000,70334,22,0
70000,70336,23,0
70000,70338,24,0
70000,70340,25,0
70000,70342,26,0
70000,70344,27,0
70000,70346,28,0
70000,70348,29,0
70000,70376,30,0
70000,70191,31,0
70000,70444,32,0
70000,70452,33,0
70000,70454,34,0
70000,70456,35,0
70000,70460,36,0
70000,70464,37,0
70000,70468,38,0
70000,70474,39,0
70000,70480,40,0
70000,70494,41,0
70000,70522,42,0
70000,70530,43,0
70000,70532,44,0
70000,70564,45,0
70000,70572,46,0
70000,70576,47,0
70000,70580,48,0
70000,70584,49,0
70000,70596,50,0
70000,70600,51,0
70000,70604,52,0
70000,70606,53,0
70000,70616,54,0
70000,70614,55,0
70000,70620,56,1
70000,70618,57,1
70000,70674,58,1
70000,70712,59,1
70000,70718,60,1
70001,70719,1,0
70001,70713,2,0
70001,70675,3,0
70001,70619,4,0
70001,70621,5,0
70001,70615,6,0
70001,70617,7,0
70001,70607,8,0
70001,70605,9,0
70001,70601,10,0
70001,70597,11,0
70001,70585,12,0
70001,70581,13,0
70001,70577,14,0
70001,70573,15,0
70001,70565,16,0
70001,70533,17,0
70001,70531,18,0
70001,70523,19,0
70001,70495,20,0
70001,70481,21,0
70001,70475,22,0
70001,70469,23,0
70001,70465,24,0
70001,70461,25,0
70001,70457,26,0
70001,70455,27,0
70001,70453,28,0
70001,70445,29,0
70001,70190,30,0
70001,70377,31,0
70001,70349,32,0
70001,70347,33,0
70001,70345,34,0
70001,70343,35,0
70001,70341,36,0
70001,70339,37,0
70001,70337,38,0
70001,70335,39,0
70001,70185,40,0
70001,70183,41,0
70001,70163,42,0
70001,70186,43,0
70001,70188,44,0
70001,70151,45,0
70001,70149,46,0
70001,70125,47,0
70001,70113,48,0
70001,70099,49,0
70001,70017,50,0
70001,70071,51,0
70001,70061,52,0
70001,70055,53,0
70001,70041,54,0
70001,70007,55,1
70001,70500,56,1
70001,75040,57,1
70001,70005,58,1
70001,71014,59,1
70001,70001,60,1
70100,70001,1,0
70100,70008,2,0
70100,70040,3,0
70100,70054,4,0
70100,70060,5,0
70100,70070,6,0
70100,70016,7,0
70100,70098,8,0
70100,70112,9,0
70100,70124,10,0
70100,70148,11,0
70100,70150,12,0
70100,70189,13,0
70100,70187,14,0
70100,70162,15,0
70100,70182,16,0
70100,70184,17,0
70100,70334,18,0
70100,70336,19,0
70100,70338,20,0
70100,70340,21,0
70100,70342,22,0
70100,70344,23,0
70100,70346,24,0
70100,70348,25,0
70100,70376,26,0
70100,70191,27,0
70100,70444,28,0
70100,70452,29,0
70100,70454,30,0
70100,70456,31,0
70100,70460,32,0
70100,70727,33,0
70100,70725,34,0
70100,70723,35,0
70100,70729,36,0
70100,70462,37,1
70101,70462,1,0
70101,70728,2,0
70101,70722,3,0
70101,70724,4,0
70101,70726,5,0
70101,70461,6,0
70101,70457,7,0
70101,70455,8,0
70101,70453,9,0
70101,70445,10,0
70101,70190,11,0
70101,70377,12,0
70101,70349,13,0
70101,70347,14,0
70101,70345,15,0
70101,70343,16,0
70101,70341,17,0
70101,70339,18,0
70101,70337,19,0
70101,70335,20,0
70101,70185,21,0
70101,70183,22,0
70101,70163,23,0
70101,70186,24,0
70101,70188,25,0
70101,70151,26,0
70101,70149,27,0
70101,70125,28,0
70101,70113,29,0
70101,70099,30,0
70101,70017,31,0
70101,70071,32,0
70101,70061,33,0
70101,70055,34,0
70101,70041,35,0
70101,70007,36,1
70101,70001,37,1
70700,70001,1,0
70700,70008,2,0
70700,70038,3,0
70700,70036,4,0
70700,70028,5,0
70700,70030,6,0
70700,70022,7,0
70700,70737,8,0
70700,70735,9,0
70700,70733,10,0
70700,70731,11,0
70700,70739,12,0
70700,70463,13,1
70701,70462,1,0
70701,70728,2,0
70701,70730,3,0
70701,70732,4,0
70701,70734,5,0
70701,70736,6,0
70701,70023,7,0
70701,70031,8,0
70701,70037,9,0
70701,70039,10,0
70701,70007,11,1
70701,70001,12,1
70900,70001,1,0
70900,70008,2,0
70900,70040,3,0
70900,70056,4,0
70900,70737,5,0
70900,70735,6,0
70900,70733,7,0
70900,70731,8,0
70900,70739,9,0
70900,70462,10,1
70901,70463,1,0
70901,70728,2,0
70901,70730,3,0
70901,70732,4,0
70901,70734,5,0
70901,70736,6,0
70901,70057,7,0
70901,70041,8,0
70901,70007,9,1
70901,70001,10,1
72000,70000,1,0
72000,74182,2,0
72000,70004,3,0
72000,71330,4,0
72000,70500,5,0
72000,70008,6,0
72000,70042,7,0
72000,70032,8,0
72000,70044,9,0
72000,70046,10,0
72000,70034,11,0
72000,70048,12,0
72000,70052,13,0
72000,70056,14,0
72000,70062,15,0
72000,70066,16,0
72000,70068,17,0
72000,70074,18,0
72000,70078,19,0
72000,70092,20,0
72000,70100,21,0
72000,70118,22,0
72000,70120,23,0
72000,70134,24,0
72000,70140,25,0
72000,70136,26,0
72000,70122,27,0
72000,70108,28,0
72000,70094,29,0
72000,70090,30,0
72000,70086,31,0
72000,70082,32,0
72000,70084,33,0
72000,70102,34,0
72000,70104,35,0
72000,70110,36,0
72000,70116,37,0
72000,70126,38,0
72000,70130,39,0
72000,70142,40,0
72000,70144,41,0
72000,70132,42,0
72000,70138,43,0
72000,70128,44,0
72000,70114,45,0
72000,70096,46,1
72001,70097,1,0
72001,70115,2,0
72001,70129,3,0
72001,70139,4,0
72001,70133,5,0
72001,70145,6,0
72001,70143,7,0
72001,70131,8,0
72001,70121,9,0
72001,70117,10,0
72001,70111,11,0
72001,70105,12,0
72001,70103,13,0
72001,70085,14,0
72001,70083,15,0
72001,70081,16,0
72001,70091,17,0
72001,70095,18,0
72001,70109,19,0
72001,70123,20,0
72001,70137,21,0
72001,70141,22,0
72001,70135,23,0
72001,70127,24,0
72001,70119,25,0
72001,70101,26,0
72001,70093,27,0
72001,70079,28,0
72001,70075,29,0
72001,70069,30,0
72001,70067,31,0
72001,70059,32,0
72001,70057,33,0
72001,70053,34,0
72001,70049,35,0
72001,70035,36,0
72001,70047,37,0
72001,70045,38,0
72001,70033,39,0
72001,70043,40,0
72001,70007,41,1
72001,70500,42,1
72001,75040,43,1
72001,70005,44,1
72001,71014,45,1
72001,70000,46,1
72100,70000,1,0
72100,70500,2,0
72100,70008,3,0
72100,70042,4,0
72100,70032,5,0
72100,70044,6,0
72100,70046,7,0
72100,70034,8,0
72100,70048,9,0
72100,70052,10,0
72100,70056,11,0
72100,70062,12,0
72100,70066,13,0
72100,70068,14,0
72100,70074,15,0
72100,70078,16,0
72100,70092,17,0
72100,70100,18,0
72100,70118,19,0
72100,70942,20,0
72100,70130,21,0
72100,70142,22,0
72100,70144,23,0
72100,70132,24,0
72100,70138,25,0
72100,70128,26,0
72100,70114,27,0
72100,70096,28,1
72101,70097,1,0
72101,70115,2,0
72101,70129,3,0
72101,70139,4,0
72101,70133,5,0
72101,70145,6,0
72101,70143,7,0
72101,70131,8,0
72101,70121,9,0
72101,70119,10,0
72101,70101,11,0
72101,70093,12,0
72101,70079,13,0
72101,70075,14,0
72101,70069,15,0
72101,70067,16,0
72101,70059,17,0
72101,70057,18,0
72101,70053,19,0
72101,70049,20,0
72101,70035,21,0
72101,70047,22,0
72101,70045,23,0
72101,70033,24,0
72101,70043,25,0
72101,70007,26,1
72101,70500,27,1
72101,75040,28,1
72101,70005,29,1
72101,71014,30,1
72101,70000,31,1
72200,70000,1,0
72200,70500,2,0
72200,70008,3,0
72200,70040,4,0
72200,70056,5,0
72200,70062,6,0
72200,70072,7,0
72200,70076,8,0
72200,70080,9,0
72200,70082,10,0
72200,70084,11,0
72200,70102,12,0
72200,70104,13,0
72200,70110,14,0
72200,70116,15,0
72200,70126,16,0
72200,70134,17,0
72200,70140,18,0
72200,70136,19,0
72200,70122,20,0
72200,70108,21,0
72200,70094,22,0
72200,70090,23,1
72201,70091,1,0
72201,70095,2,0
72201,70109,3,0
72201,70123,4,0
72201,70137,5,0
72201,70141,6,0
72201,70135,7,0
72201,70127,8,0
72201,70117,9,0
72201,70111,10,0
72201,70105,11,0
72201,70103,12,0
72201,70085,13,0
72201,70083,14,0
72201,70081,15,0
72201,70077,16,0
72201,70073,17,0
72201,70059,18,0
72201,70057,19,0
72201,70041,20,0
72201,70007,21,1
72201,70500,22,1
72201,75040,23,1
72201,70005,24,1
72201,71014,25,1
72201,70000,26,1
72300,70000,1,0
72300,70008,2,0
72300,70038,3,0
72300,70036,4,0
72300,70028,5,0
72300,70026,6,0
72300,70024,7,0
72300,70022,8,0
72300,70002,9,0
72300,70006,10,0
72300,70003,11,1
72301,70021,1,0
72301,70003,2,0
72301,70006,3,0
72301,70002,4,0
72301,70023,5,0
72301,70025,6,0
72301,70027,7,0
72301,70029,8,0
72301,70037,9,0
72301,70039,10,0
72301,70007,11,1
72301,70000,12,1
72301,70001,13,1
73100,70000,1,0
73100,74182,2,0
73100,70004,3,0
73100,71330,4,0
73100,70008,5,0
73100,70038,6,0
73100,70036,7,0
73100,70028,8,0
73100,70026,9,0
73100,70024,10,0
73100,70022,11,0
73100,71042,12,0
73100,71079,13,0
73100,70224,14,0
73100,70220,15,0
73100,70298,16,0
73100,70296,17,0
73100,70322,18,0
73100,70294,19,0
73100,70310,20,0
73100,70308,21,0
73100,70292,22,0
73100,70302,23,0
73100,70290,24,0
73100,70314,25,0
73100,70288,26,0
73100,70306,27,0
73100,70286,28,0
73100,70236,29,0
73100,70300,30,0
73100,70282,31,0
73100,70318,32,0
73100,70316,33,0
73100,70280,34,0
73100,70278,35,0
73100,70304,36,0
73100,70276,37,0
73100,70274,38,0
73100,70272,39,0
73100,70312,40,0
73100,70270,41,0
73100,70268,42,0
73100,70266,43,0
73100,70264,44,0
73100,70244,45,0
73100,70262,46,0
73100,70260,47,0
73100,70242,48,0
73100,70324,49,0
73100,70256,50,0
73100,70254,51,0
73100,70252,52,1
73101,70252,1,0
73101,70254,2,0
73101,70255,3,0
73101,70323,4,0
73101,70241,5,0
73101,70259,6,0
73101,70261,7,0
73101,70243,8,0
73101,70263,9,0
73101,70265,10,0
73101,70267,11,0
73101,70269,12,0
73101,70271,13,0
73101,70273,14,0
73101,70275,15,0
73101,70303,16,0
73101,70277,17,0
73101,70279,18,0
73101,70315,19,0
73101,70317,20,0
73101,70281,21,0
73101,70299,22,0
73101,70257,23,0
73101,70285,24,0
73101,70305,25,0
73101,70287,26,0
73101,70313,27,0
73101,70289,28,0
73101,70301,29,0
73101,70291,30,0
73101,70325,31,0
73101,70307,32,0
73101,70309,33,0
73101,70293,34,0
73101,70321,35,0
73101,70311,36,0
73101,70295,37,0
73101,70297,38,0
73101,70219,39,0
73101,70223,40,0
73101,71080,41,0
73101,71039,42,0
73101,70025,43,0
73101,70027,44,0
73101,70029,45,0
73101,70037,46,0
73101,70039,47,0
73101,70007,48,1
73101,70500,49,1
73101,70000,50,1
73200,70000,1,0
73200,70008,2,0
73200,70038,3,0
73200,70036,4,0
73200,70028,5,0
73200,70026,6,0
73200,70024,7,0
73200,70030,8,0
73200,70022,9,0
73200,71042,10,0
73200,71079,11,0
73200,70224,12,0
73200,70220,13,0
73200,70298,14,0
73200,70296,15,0
73200,70320,16,0
73200,70284,17,0
73200,70300,18,0
73200,70282,19,0
73200,70270,20,0
73200,70268,21,0
73200,70266,22,0
73200,70264,23,0
73200,70244,24,0
73200,70262,25,0
73200,70260,26,0
73200,70242,27,0
73200,70324,28,0
73200,70256,29,0
73200,70252,30,1
73201,70252,1,0
73201,70255,2,0
73201,70323,3,0
73201,70241,4,0
73201,70259,5,0
73201,70261,6,0
73201,70243,7,0
73201,70263,8,0
73201,70265,9,0
73201,70267,10,0
73201,70269,11,0
73201,70281,12,0
73201,70299,13,0
73201,70283,14,0
73201,70319,15,0
73201,70295,16,0
73201,70297,17,0
73201,70219,18,0
73201,70223,19,0
73201,71080,20,0
73201,71039,21,0
73201,70023,22,0
73201,70025,23,0
73201,70027,24,0
73201,70029,25,0
73201,70037,26,0
73201,70039,27,0
73201,70007,28,1
73201,70500,29,1
73201,75040,30,1
73201,70005,31,1
73201,71014,32,1
73201,70000,33,1
73300,70000,1,0
73300,70008,2,0
73300,70038,3,0
73300,70036,4,0
73300,70028,5,0
73300,70026,6,0
73300,70024,7,0
73300,70022,8,0
73300,71042,9,0
73300,71079,10,0
73300,70224,11,0
73300,70300,12,1
