'SV-H24-SVGTFS-Semaine-02',70001,73440,4,'',0,41410,4,'',0
'SV-H24-SVGTFS-Semaine-03',70001,73440,4,'',0,41410,4,'',0
'SV-H24-SVGTFS-Semaine-02',72001,53400,4,'',0,20300,4,'',0,30450,4,'',0,10000,4,'',0,10000,4,'',0,9750,4,'',0,10000,4,'',0,7250,4,'',0,10000,4,'',0
'SV-H24-SVGTFS-Semaine-03',72001,53400,4,'',0,20300,4,'',0,30450,4,'',0,10000,4,'',0,10000,4,'',0,9750,4,'',0,10000,4,'',0,7250,4,'',0,10000,4,'',0
'SV-H24-SVGTFS-Semaine-02',72101,82700,4,'',0,1900,4,'',0,6000,4,'',0,3500,4,'',0
'SV-H24-SVGTFS-Semaine-03',72101,82700,4,'',0,1900,4,'',0,6000,4,'',0,3500,4,'',0
'SV-H24-SVGTFS-Semaine-02',72201,82900,4,'',0,2000,4,'',0,6000,4,'',0,2000,4,'',0
'SV-H24-SVGTFS-Semaine-03',72201,82900,4,'',0,2000,4,'',0,6000,4,'',0,2000,4,'',0
'SV-H24-SVGTFS-Semaine-02',73001,73150,4,'',0,42000,4,'',0
'SV-H24-SVGTFS-Semaine-03',73001,73150,4,'',0,42000,4,'',0
'SV-H24-SVGTFS-Semaine-02',73201,103250,4,'',0,58200,4,'',0
'SV-H24-SVGTFS-Semaine-03',73201,103250,4,'',0,58200,4,'',0
