37000,'Fête-1-01',925,,1,90,0,5,0,91,,2,90,0,5,0,93,,6,90,0,5,0,91,,3,90,0,5,0,100,,4,90,0,5,0
37000,'Week-end-01',925,,35,90,0,5,0,91,,36,90,0,5,0,93,,40,90,0,5,0,91,,37,90,0,5,0,100,,38,90,0,5,0
37001,'Fête-1-01',1553,,42,270,0,8,0,91,,43,270,0,8,0,94,,44,270,0,8,0,91,,45,270,0,8,0,94,,41,270,0,8,0
37001,'Fête-2-01',1256,,46,270,0,8,0,81,,62,270,0,8,0,81,,47,270,0,8,0,41,,61,270,0,8,0,81,,51,270,0,9,0,68,,52,270,0,9,0,27,,53,270,0,9,0,21,,54,270,0,9,0,66,,55,270,0,9,0,29,,56,270,0,9,0,67,,57,270,0,9,0,20,,58,270,0,9,0,80,,59,270,0,9,0,100,,48,270,0,8,0,85,,60,270,0,8,0,50,,49,270,0,8,0,100,,50,270,0,8,0
37001,'Semaine-01',1256,,63,270,0,8,0,81,,79,270,0,8,0,81,,64,270,0,8,0,41,,78,270,0,8,0,81,,68,270,0,9,0,68,,69,270,0,9,0,27,,70,270,0,9,0,21,,71,270,0,9,0,66,,72,270,0,9,0,29,,73,270,0,9,0,67,,74,270,0,9,0,20,,75,270,0,9,0,80,,76,270,0,9,0,100,,65,270,0,8,0,85,,77,270,0,8,0,50,,66,270,0,8,0,100,,67,270,0,8,0
37001,'Week-end-01',1553,,81,270,0,8,0,91,,82,270,0,8,0,94,,83,270,0,8,0,91,,84,270,0,8,0,94,,80,270,0,8,0
73100,'Fête-2-01',1525,,570,180,,,0,93,,568,180,,,0,83,,567,180,,,0,57,,569,180,,,0,77,,566,180,,,0
73100,'Semaine-01',1525,,575,180,,,0,93,,573,180,,,0,83,,572,180,,,0,57,,574,180,,,0,77,,571,180,,,0
73200,'Fête-2-01',611,,588,160,,,0,90,,586,160,,,0,40,,587,160,,,0
73200,'Semaine-01',611,,591,160,,,0,90,,589,160,,,0,40,,590,160,,,0
