72000,'Fête-1-01',944,,392,410,,,0,200,,393,410,,,0,200,,394,410,,,0,200,,395,410,,,0,200,,396,410,,,0,200,,391,410,,,0
72000,'Fête-2-01',1032,,404,400,,,0,105,,405,400,,,0,100,,406,400,,,0,100,,407,400,,,0,100,,408,400,,,0,100,,409,400,,,0,70,,410,400,,,0,40,,400,400,,,0,60,,401,400,,,0,20,,402,400,,,0,25,,403,400,,,0,60,,397,400,,,0,20,,398,400,,,0,20,,399,400,,,0,55,,411,400,,,0,35,,413,400,,,0,65,,416,400,,,0,50,,414,400,,,0,170,,412,400,,,0,110,,415,400,,,0
72000,'Semaine-01',1027,,417,400,,,0,121,,418,430,,,0,104,,419,440,,,0,96,,420,430,,,0,100,,421,430,,,0,70,,422,430,,,0,19,,424,400,,,0,7,,423,410,,,0,63,,425,400,,,0,47,,426,410,,,0,155,,427,410,,,0,45,,428,410,,,0,53,,429,400,,,0,33,,431,410,,,0,67,,434,400,,,0,93,,432,410,,,0,127,,430,400,,,0,110,,433,400,,,0
72000,'Week-end-01',944,,436,410,,,0,200,,437,410,,,0,200,,438,410,,,0,200,,439,410,,,0,200,,440,410,,,0,200,,435,410,,,0
72001,'Fête-1-01',804,,441,60,,,0,200,,442,60,,,0,200,,443,60,,,0,200,,444,60,,,0,200,,445,60,,,0,200,,446,60,,,0
72001,'Fête-2-01',459,,465,60,,,0,70,,448,60,,,0,30,,449,60,,,0,70,,450,60,,,0,20,,451,60,,,0,60,,452,60,,,0,20,,453,60,,,0,20,,454,60,,,0,75,,455,60,,,0,85,,456,60,,,0,95,,457,60,,,0,100,,458,60,,,0,100,,459,60,,,0,100,,460,60,,,0,100,,447,60,,,0,130,,461,60,,,0,85,,462,60,,,0,225,,463,60,,,0,85,,464,60,,,0
72001,'Semaine-01',459,,477,60,,,0,243,,467,60,,,0,302,,468,60,,,0,100,,469,60,,,0,100,,470,60,,,0,100,,471,60,,,0,100,,466,60,,,0,30,,472,60,,,0,100,,473,60,,,0,85,,474,60,,,0,220,,475,60,,,0,90,,476,60,,,0
72001,'Week-end-01',804,,478,60,,,0,200,,479,60,,,0,200,,480,60,,,0,200,,481,60,,,0,200,,482,60,,,0,200,,483,60,,,0
72100,'Semaine-01',1622,,485,250,,,0,30,,486,250,,,0,60,,488,250,,,0,20,,489,250,,,0,23,,484,260,,,0,57,,487,250,,,0,30,,490,250,,,0
72101,'Semaine-01',549,,497,60,,,0,70,,495,60,,,0,20,,500,60,,,0,20,,496,60,,,0,60,,498,60,,,0,20,,499,60,,,0,19,,491,60,,,0,61,,492,60,,,0,20,,493,60,,,0,75,,494,60,,,0
