53201,'Fête-2-01',501,,134,20,,,0,30,,135,20,,,0,80,,136,20,,,0,40,,137,20,,,0,80,,138,20,,,0,80,,139,20,,,0,40,,140,20,,,0,80,,130,20,,,0,115,,141,20,,,0,105,,142,20,,,0,105,,143,20,,,0,145,,129,20,,,0,105,,131,20,,,0,105,,144,20,,,0,40,,145,20,,,0,80,,146,20,,,0,80,,147,20,,,0,40,,148,20,,,0,80,,132,20,,,0,80,,149,20,,,0,40,,133,20,,,0
53201,'Semaine-01',501,,155,20,,,0,30,,156,20,,,0,80,,157,20,,,0,40,,158,20,,,0,80,,159,20,,,0,80,,160,20,,,0,40,,161,20,,,0,80,,151,20,,,0,115,,162,20,,,0,105,,163,20,,,0,105,,164,20,,,0,145,,150,20,,,0,105,,152,20,,,0,105,,165,20,,,0,40,,166,20,,,0,80,,167,20,,,0,80,,168,20,,,0,40,,169,20,,,0,80,,153,20,,,0,80,,170,20,,,0,40,,154,20,,,0
70901,'Fête-2-01',557,,387,80,,,0,186,,385,80,,,0,961,,386,20,,,0
70901,'Semaine-01',557,,390,80,,,0,186,,388,80,,,0,961,,389,20,,,0
72001,'Fête-1-01',822,,441,320,,,0,200,,442,320,,,0,200,,443,320,,,0,200,,444,320,,,0,200,,445,320,,,0,200,,446,320,,,0
72001,'Fête-2-01',516,,465,320,,,0,30,,448,320,,,0,70,,449,320,,,0,30,,450,320,,,0,60,,451,320,,,0,20,,452,320,,,0,20,,453,320,,,0,60,,454,320,,,0,35,,455,320,,,0,85,,456,320,,,0,95,,457,320,,,0,100,,458,320,,,0,100,,459,320,,,0,100,,460,320,,,0,100,,447,320,,,0,130,,461,320,,,0,84,,462,320,,,0,265,,463,320,,,0,45,,464,320,,,0
72001,'Semaine-01',515,,477,320,,,0,203,,467,320,,,0,302,,468,320,,,0,100,,469,320,,,0,100,,470,320,,,0,100,,471,320,,,0,100,,466,320,,,0,30,,472,320,,,0,100,,473,320,,,0,85,,474,320,,,0,220,,475,320,,,0,90,,476,320,,,0
72001,'Week-end-01',822,,478,320,,,0,200,,479,320,,,0,200,,480,320,,,0,200,,481,320,,,0,200,,482,320,,,0,200,,483,320,,,0
72101,'Semaine-01',558,,497,170,,,0,70,,495,170,,,0,20,,500,170,,,0,60,,496,170,,,0,20,,498,170,,,0,20,,499,170,,,0,59,,491,170,,,0,21,,492,170,,,0,20,,493,170,,,0,75,,494,170,,,0
72201,'Semaine-01',603,,512,190,,,0,30,,513,190,,,0,20,,516,190,,,0,60,,514,190,,,0,20,,515,190,,,0,20,,517,190,,,0,60,,511,190,,,0,20,,509,190,,,0,20,,508,190,,,0,60,,510,190,,,0
