53201,'Semaine-01',508,,155,40,4,,0,32,,156,40,4,,0,81,,157,40,4,,0,80,,158,40,4,,0,38,,159,40,4,,0,80,,160,40,4,,0,40,,161,40,4,,0,80,,151,40,4,,0,115,,162,40,4,,0,105,,163,40,4,,0,146,,164,40,4,,0,105,,150,40,4,,0,106,,152,40,4,,0,105,,165,40,4,,0,79,,166,40,4,,0,39,,167,40,4,,0,80,,168,40,4,,0,40,,169,40,4,,0,80,,153,40,4,,0,80,,170,40,4,,0,40,,154,40,4,,0
70001,'Fête-1-01',643,,230,550,4,,0,201,,231,550,4,,0,200,,222,550,4,,0,201,,223,550,4,,0,199,,224,550,4,,0,201,,225,550,4,,0,199,,226,550,4,,0,198,,227,550,4,,0,200,,228,550,4,,0,200,,229,550,4,,0
70001,'Semaine-01',514,,249,550,4,,0,100,,250,550,4,,0,86,,245,550,4,,0,24,,243,550,4,,0,89,,251,550,4,,0,106,,247,550,4,,0,27,,252,550,4,,0,193,,253,550,4,,0,207,,254,550,4,,0,168,,255,550,4,,0,42,,242,550,4,,0,58,,257,550,4,,0,44,,244,550,4,,0,56,,256,550,4,,0,102,,258,550,4,,0,99,,246,550,4,,0,99,,248,550,4,,0,99,,261,550,4,,0,129,,259,550,4,,0,199,,260,550,4,,0
70001,'Week-end-01',643,,270,550,4,,0,201,,271,550,4,,0,200,,262,550,4,,0,201,,263,550,4,,0,199,,264,550,4,,0,201,,265,550,4,,0,199,,266,550,4,,0,198,,267,550,4,,0,200,,268,550,4,,0,200,,269,550,4,,0
70101,'Fête-1-01',546,,326,360,4,,0,199,,322,360,4,,0,200,,318,360,4,,0,200,,319,360,4,,0,201,,320,360,4,,0,199,,321,360,4,,0,199,,323,360,4,,0,200,,324,360,4,,0,200,,325,360,4,,0,200,,317,360,4,,0
70101,'Semaine-01',545,,344,360,4,,0,104,,346,360,4,,0,69,,338,360,4,,0,31,,347,360,4,,0,100,,345,360,4,,0,198,,349,360,4,,0,201,,350,360,4,,0,199,,351,360,4,,0,102,,352,360,4,,0,98,,348,360,4,,0,100,,339,360,4,,0,102,,340,360,4,,0,95,,342,360,4,,0,99,,337,360,4,,0,100,,343,360,4,,0,200,,341,360,4,,0
70101,'Week-end-01',546,,362,360,4,,0,199,,358,360,4,,0,200,,354,360,4,,0,200,,355,360,4,,0,201,,356,360,4,,0,199,,357,360,4,,0,199,,359,360,4,,0,200,,360,360,4,,0,200,,361,360,4,,0,200,,353,360,4,,0
70701,'Semaine-01',656,,376,120,4,,0,867,,378,60,4,,0,85,,377,60,4,,0,149,,375,60,4,,0
70901,'Semaine-01',603,,390,100,4,,0,146,,388,100,4,,0,961,,389,40,4,,0
72001,'Fête-1-01',830,,441,400,4,,0,200,,442,400,4,,0,200,,443,400,4,,0,200,,444,400,4,,0,200,,445,400,4,,0,200,,446,400,4,,0
72001,'Semaine-01',525,,477,400,4,,0,203,,467,400,4,,0,302,,468,400,4,,0,100,,469,400,4,,0,100,,470,400,4,,0,100,,471,400,4,,0,100,,466,400,4,,0,70,,472,400,4,,0,100,,473,400,4,,0,45,,474,400,4,,0,260,,475,400,4,,0,50,,476,400,4,,0
72001,'Week-end-01',830,,478,400,4,,0,200,,479,400,4,,0,200,,480,400,4,,0,200,,481,400,4,,0,200,,482,400,4,,0,200,,483,400,4,,0
72101,'Semaine-01',608,,497,250,4,,0,31,,495,250,4,,0,20,,500,250,4,,0,60,,496,250,4,,0,20,,498,250,4,,0,20,,499,250,4,,0,59,,491,250,4,,0,20,,492,250,4,,0,20,,493,250,4,,0,75,,494,250,4,,0
72201,'Semaine-01',612,,512,210,4,,0,30,,513,210,4,,0,60,,516,210,4,,0,20,,514,210,4,,0,20,,515,210,4,,0,60,,517,210,4,,0,19,,511,210,4,,0,20,,509,210,4,,0,60,,508,210,4,,0,20,,510,210,4,,0
72301,'Semaine-01',1009,,554,70,4,,0,43,,553,70,4,,0,185,,558,110,4,,0,96,,559,80,4,,0,215,,563,110,4,,0,70,,562,110,4,,0,14,,564,110,4,,0,26,,565,110,4,,0,60,,556,110,4,,0,34,,560,110,4,,0,86,,561,80,4,,0,295,,557,80,4,,0,119,,555,70,4,,0
73101,'Semaine-01',520,,585,280,4,,0,90,,582,280,4,,0,43,,581,280,4,,0,91,,583,280,4,,0,77,,584,280,4,,0
73201,'Semaine-01',1609,,597,280,4,,0,93,,595,280,4,,0,45,,596,280,4,,0
