72000,'Semaine-01',950,,417,10,,,0,150,,418,10,,,0,100,,419,10,,,0,100,,420,10,,,0,100,,421,10,,,0,30,,422,10,,,0,70,,424,10,,,0,30,,425,10,,,0,300,,429,10,,,0,70,,431,10,,,0,30,,434,10,,,0,90,,432,10,,,0,130,,430,10,,,0,150,,433,10,,,0
72000,'Week-end-01',900,,436,10,,,0,200,,437,10,,,0,200,,438,10,,,0,200,,439,10,,,0,200,,440,10,,,0,200,,435,10,,,0
72001,'Semaine-01',545,,477,440,4,,0,203,,467,440,4,,0,305,,468,450,4,,0,100,,469,450,4,,0,100,,470,450,4,,0,97,,471,440,4,,0,100,,466,440,4,,0,73,,472,450,4,,0,100,,473,450,4,,0,77,,474,420,4,,0,220,,475,420,4,,0,90,,476,420,4,,0
72001,'Week-end-01',845,,478,420,4,,0,200,,479,420,4,,0,200,,480,420,4,,0,200,,481,420,4,,0,200,,482,420,4,,0,200,,483,420,4,,0
72100,'Semaine-01',1550,,485,10,,,0,70,,486,10,,,0,20,,488,10,,,0,60,,489,10,,,0,20,,484,10,,,0,20,,487,10,,,0,70,,490,10,,,0
72101,'Semaine-01',621,,497,260,4,,0,34,,495,270,4,,0,57,,500,260,4,,0,23,,496,270,4,,0,17,,498,260,4,,0,60,,499,260,4,,0,25,,491,290,4,,0,20,,492,290,4,,0,60,,493,290,4,,0,35,,494,290,4,,0
72200,'Semaine-01',1600,,502,10,,,0,35,,505,10,,,0,15,,501,10,,,0,60,,506,10,,,0,20,,503,10,,,0,20,,507,10,,,0,70,,504,10,,,0
72201,'Semaine-01',625,,512,220,4,,0,31,,513,220,4,,0,63,,516,230,4,,0,16,,514,220,4,,0,20,,515,220,4,,0,60,,517,220,4,,0,25,,511,250,4,,0,60,,509,250,4,,0,20,,508,250,4,,0,20,,510,250,4,,0
72300,'Semaine-01',715,,535,10,,,0,25,,533,10,,,0,65,,532,10,,,0,20,,534,10,,,0,25,,536,10,,,0,75,,539,10,,,0,75,,537,10,,,0,255,,538,10,,,0,150,,531,10,0,10 11,0,635,,529,10,0,10 11,0,160,,530,10,0,10 11,0
72301,'Semaine-01',1020,,554,80,4,,0,83,,553,80,4,,0,241,,559,90,4,,0,505,,561,90,4,,0,295,,557,90,4,,0,159,,555,80,4,,0
73100,'Semaine-01',1455,,575,10,,,0,90,,573,10,,,0,82,,572,10,,,0,98,,574,10,,,0,80,,571,10,,,0
73101,'Semaine-01',532,,585,290,4,,0,90,,582,290,4,,0,83,,581,290,4,,0,54,,583,290,4,,0,76,,584,290,4,,0
73200,'Semaine-01',540,,591,10,,,0,90,,589,10,,,0,80,,590,10,,,0
73201,'Semaine-01',1622,,597,290,4,,0,93,,595,290,4,,0,85,,596,290,4,,0
