53200,'Fête-2-01',605,,90,70,4,,0,40,,91,70,4,,0,81,,92,70,4,,0,81,,93,70,4,,0,38,,94,70,4,,0,79,,95,70,4,,0,79,,87,70,4,,0,38,,86,70,4,,0,105,,96,70,4,,0,104,,97,70,4,,0,106,,98,70,4,,0,146,,85,70,4,,0,56,,99,70,4,,0,80,,100,70,4,,0,80,,101,70,4,,0,40,,102,70,4,,0,78,,103,70,4,,0,78,,104,70,4,,0,38,,105,70,4,,0,83,,88,70,4,,0,79,,106,70,4,,0,40,,89,70,4,,0
53200,'Semaine-01',605,,112,70,4,,0,40,,113,70,4,,0,81,,114,70,4,,0,81,,115,70,4,,0,38,,116,70,4,,0,79,,117,70,4,,0,79,,109,70,4,,0,38,,108,70,4,,0,105,,118,70,4,,0,104,,119,70,4,,0,106,,120,70,4,,0,146,,107,70,4,,0,56,,121,70,4,,0,80,,122,70,4,,0,80,,123,70,4,,0,40,,124,70,4,,0,78,,125,70,4,,0,78,,126,70,4,,0,38,,127,70,4,,0,83,,110,70,4,,0,79,,128,70,4,,0,40,,111,70,4,,0
53201,'Fête-2-01',500,,134,10,,,0,30,,135,10,,,0,80,,136,10,,,0,40,,137,10,,,0,80,,138,10,,,0,80,,139,10,,,0,40,,140,10,,,0,80,,130,10,,,0,115,,141,10,,,0,105,,142,10,,,0,105,,143,10,,,0,145,,129,10,,,0,105,,131,10,,,0,105,,144,10,,,0,40,,145,10,,,0,80,,146,10,,,0,80,,147,10,,,0,40,,148,10,,,0,80,,132,10,,,0,80,,149,10,,,0,40,,133,10,,,0
53201,'Semaine-01',500,,155,10,,,0,30,,156,10,,,0,80,,157,10,,,0,40,,158,10,,,0,80,,159,10,,,0,80,,160,10,,,0,40,,161,10,,,0,80,,151,10,,,0,115,,162,10,,,0,105,,163,10,,,0,105,,164,10,,,0,145,,150,10,,,0,105,,152,10,,,0,105,,165,10,,,0,40,,166,10,,,0,80,,167,10,,,0,80,,168,10,,,0,40,,169,10,,,0,80,,153,10,,,0,80,,170,10,,,0,40,,154,10,,,0
72001,'Fête-1-01',820,,441,310,,,0,200,,442,310,,,0,200,,443,310,,,0,200,,444,310,,,0,200,,445,310,,,0,200,,446,310,,,0
72001,'Fête-2-01',514,,465,310,,,0,30,,448,310,,,0,70,,449,310,,,0,30,,450,310,,,0,60,,451,310,,,0,20,,452,310,,,0,20,,453,310,,,0,60,,454,310,,,0,35,,455,310,,,0,85,,456,310,,,0,95,,457,310,,,0,100,,458,310,,,0,100,,459,310,,,0,100,,460,310,,,0,100,,447,310,,,0,130,,461,310,,,0,84,,462,310,,,0,225,,463,310,,,0,85,,464,310,,,0
72001,'Semaine-01',513,,477,310,,,0,203,,467,310,,,0,302,,468,310,,,0,100,,469,310,,,0,100,,470,310,,,0,100,,471,310,,,0,100,,466,310,,,0,30,,472,310,,,0,100,,473,310,,,0,85,,474,310,,,0,220,,475,310,,,0,90,,476,310,,,0
72001,'Week-end-01',820,,478,310,,,0,200,,479,310,,,0,200,,480,310,,,0,200,,481,310,,,0,200,,482,310,,,0,200,,483,310,,,0
72101,'Semaine-01',557,,497,160,,,0,70,,495,160,,,0,20,,500,160,,,0,60,,496,160,,,0,20,,498,160,,,0,20,,499,160,,,0,59,,491,160,,,0,21,,492,160,,,0,20,,493,160,,,0,75,,494,160,,,0
72201,'Semaine-01',603,,512,180,,,0,30,,513,180,,,0,20,,516,180,,,0,60,,514,180,,,0,20,,515,180,,,0,20,,517,180,,,0,60,,511,180,,,0,20,,509,180,,,0,20,,508,180,,,0,60,,510,180,,,0
