72000,'Fête-1-01',943,,392,400,,,0,200,,393,400,,,0,200,,394,400,,,0,200,,395,400,,,0,200,,396,400,,,0,200,,391,400,,,0
72000,'Fête-2-01',1031,,404,390,,,0,105,,405,390,,,0,100,,406,390,,,0,100,,407,390,,,0,100,,408,390,,,0,100,,409,390,,,0,70,,410,390,,,0,40,,400,390,,,0,60,,401,390,,,0,20,,402,390,,,0,25,,403,390,,,0,60,,397,390,,,0,20,,398,390,,,0,20,,399,390,,,0,55,,411,390,,,0,35,,413,390,,,0,65,,416,390,,,0,50,,414,390,,,0,170,,412,390,,,0,110,,415,390,,,0
72000,'Semaine-01',1026,,417,390,,,0,121,,418,420,,,0,104,,419,430,,,0,96,,420,420,,,0,100,,421,420,,,0,70,,422,420,,,0,19,,424,390,,,0,7,,423,400,,,0,63,,425,390,,,0,47,,426,400,,,0,155,,427,400,,,0,45,,428,400,,,0,53,,429,390,,,0,33,,431,400,,,0,67,,434,390,,,0,53,,432,400,,,0,167,,430,390,,,0,110,,433,390,,,0
72000,'Week-end-01',943,,436,400,,,0,200,,437,400,,,0,200,,438,400,,,0,200,,439,400,,,0,200,,440,400,,,0,200,,435,400,,,0
72001,'Fête-1-01',803,,441,50,,,0,200,,442,50,,,0,200,,443,50,,,0,200,,444,50,,,0,200,,445,50,,,0,200,,446,50,,,0
72001,'Fête-2-01',458,,465,50,,,0,70,,448,50,,,0,30,,449,50,,,0,70,,450,50,,,0,20,,451,50,,,0,60,,452,50,,,0,20,,453,50,,,0,20,,454,50,,,0,75,,455,50,,,0,85,,456,50,,,0,95,,457,50,,,0,100,,458,50,,,0,100,,459,50,,,0,100,,460,50,,,0,100,,447,50,,,0,130,,461,50,,,0,85,,462,50,,,0,225,,463,50,,,0,85,,464,50,,,0
72001,'Semaine-01',458,,477,50,,,0,243,,467,50,,,0,302,,468,50,,,0,100,,469,50,,,0,100,,470,50,,,0,100,,471,50,,,0,100,,466,50,,,0,30,,472,50,,,0,100,,473,50,,,0,85,,474,50,,,0,220,,475,50,,,0,90,,476,50,,,0
72001,'Week-end-01',803,,478,50,,,0,200,,479,50,,,0,200,,480,50,,,0,200,,481,50,,,0,200,,482,50,,,0,200,,483,50,,,0
72100,'Semaine-01',1621,,485,240,,,0,30,,486,240,,,0,60,,488,240,,,0,20,,489,240,,,0,23,,484,250,,,0,57,,487,240,,,0,30,,490,240,,,0
72101,'Semaine-01',548,,497,50,,,0,70,,495,50,,,0,20,,500,50,,,0,20,,496,50,,,0,60,,498,50,,,0,20,,499,50,,,0,19,,491,50,,,0,61,,492,50,,,0,20,,493,50,,,0,75,,494,50,,,0
