53200,'Fête-2-01',546,,90,40,,,0,80,,91,40,,,0,81,,92,40,,,0,39,,93,40,,,0,81,,94,40,,,0,79,,95,40,,,0,39,,87,40,,,0,82,,86,40,,,0,111,,96,40,,,0,103,,97,40,,,0,106,,98,40,,,0,106,,85,40,,,0,96,,99,40,,,0,80,,100,40,,,0,80,,101,40,,,0,40,,102,40,,,0,79,,103,40,,,0,78,,104,40,,,0,38,,105,40,,,0,81,,88,40,,,0,78,,106,40,,,0,40,,89,40,,,0
53200,'Semaine-01',546,,112,40,,,0,80,,113,40,,,0,81,,114,40,,,0,39,,115,40,,,0,81,,116,40,,,0,79,,117,40,,,0,39,,109,40,,,0,82,,108,40,,,0,111,,118,40,,,0,103,,119,40,,,0,106,,120,40,,,0,106,,107,40,,,0,96,,121,40,,,0,80,,122,40,,,0,80,,123,40,,,0,40,,124,40,,,0,79,,125,40,,,0,78,,126,40,,,0,38,,127,40,,,0,81,,110,40,,,0,78,,128,40,,,0,40,,111,40,,,0
70000,'Fête-1-01',723,,172,30,,,0,200,,176,30,,,0,200,,177,30,,,0,200,,178,30,,,0,200,,179,30,,,0,200,,180,30,,,0,200,,173,30,,,0,200,,174,30,,,0,199,,175,30,,,0,200,,171,30,,,0
70000,'Fête-2-01',724,,182,30,,,0,199,,186,30,,,0,200,,187,30,,,0,200,,188,30,,,0,201,,189,30,,,0,200,,190,30,,,0,199,,183,30,,,0,199,,184,30,,,0,200,,185,30,,,0,200,,181,30,,,0
70000,'Semaine-01',552,,198,30,,,0,105,,199,40,,,0,67,,195,30,,,0,19,,193,40,,,0,71,,192,30,,,0,39,,207,30,,,0,100,,196,30,,,0,70,,200,30,,,0,212,,201,60,,,0,192,,202,40,,,0,130,,208,40,,,0,92,,191,60,,,0,75,,203,30,,,0,34,,210,40,,,0,81,,206,60,,,0,18,,209,40,,,0,96,,194,30,,,0,99,,197,30,,,0,104,,211,40,,,0,166,,204,30,,,0,200,,205,30,,,0
70000,'Week-end-01',723,,213,30,,,0,200,,217,30,,,0,200,,218,30,,,0,200,,219,30,,,0,200,,220,30,,,0,200,,221,30,,,0,200,,214,30,,,0,200,,215,30,,,0,199,,216,30,,,0,200,,212,30,,,0
70100,'Fête-1-01',622,,281,30,,,0,200,,273,30,,,0,201,,277,30,,,0,200,,274,30,,,0,200,,275,30,,,0,200,,276,30,,,0,200,,278,30,,,0,200,,279,30,,,0,200,,280,30,,,0,200,,272,30,,,0
70100,'Fête-2-01',621,,291,30,,,0,202,,283,30,,,0,200,,287,30,,,0,200,,284,30,,,0,200,,285,30,,,0,200,,286,30,,,0,200,,288,30,,,0,200,,289,30,,,0,199,,290,30,,,0,200,,282,30,,,0
70100,'Semaine-01',623,,294,30,,,0,130,,295,30,,,0,70,,303,30,,,0,100,,297,30,,,0,200,,304,30,,,0,200,,305,30,,,0,200,,306,30,,,0,101,,296,30,,,0,30,,302,30,,,0,85,,292,30,,,0,184,,298,30,,,0,100,,299,30,,,0,100,,293,30,,,0,99,,300,30,,,0,200,,301,30,,,0
70100,'Week-end-01',622,,316,30,,,0,200,,308,30,,,0,201,,312,30,,,0,200,,309,30,,,0,200,,310,30,,,0,200,,311,30,,,0,200,,313,30,,,0,200,,314,30,,,0,200,,315,30,,,0,200,,307,30,,,0
70900,'Fête-2-01',1646,,380,30,,,0,99,,379,30,,,0,88,,381,30,,,0
70900,'Semaine-01',1646,,383,30,,,0,99,,382,30,,,0,88,,384,30,,,0
72200,'Semaine-01',1615,,502,30,,,0,35,,505,30,,,0,59,,501,40,,,0,16,,506,30,,,0,20,,503,30,,,0,64,,507,40,,,0,26,,504,30,,,0
