'SV-H24-SVGTFS-Semaine-02',70001,73600,4,'',0,41400,4,'',0
'SV-H24-SVGTFS-Semaine-03',70001,73600,4,'',0,41400,4,'',0
'SV-H24-SVGTFS-Semaine-02',72001,53500,4,'',0,20300,4,'',0,30500,4,'',0,10000,4,'',0,10000,4,'',0,9700,4,'',0,10000,4,'',0,7300,4,'',0,10000,4,'',0
'SV-H24-SVGTFS-Semaine-03',72001,53500,4,'',0,20300,4,'',0,30500,4,'',0,10000,4,'',0,10000,4,'',0,9700,4,'',0,10000,4,'',0,7300,4,'',0,10000,4,'',0
'SV-H24-SVGTFS-Semaine-02',72101,82800,4,'',0,1900,4,'',0,6000,4,'',0,3500,4,'',0
'SV-H24-SVGTFS-Semaine-03',72101,82800,4,'',0,1900,4,'',0,6000,4,'',0,3500,4,'',0
'SV-H24-SVGTFS-Semaine-02',72201,83000,4,'',0,2000,4,'',0,6000,4,'',0,2000,4,'',0
'SV-H24-SVGTFS-Semaine-03',72201,83000,4,'',0,2000,4,'',0,6000,4,'',0,2000,4,'',0
'SV-H24-SVGTFS-Semaine-02',73001,73300,4,'',0,42000,4,'',0
'SV-H24-SVGTFS-Semaine-03',73001,73300,4,'',0,42000,4,'',0
'SV-H24-SVGTFS-Semaine-02',73201,103400,4,'',0,58200,4,'',0
'SV-H24-SVGTFS-Semaine-03',73201,103400,4,'',0,58200,4,'',0
