70100,'Fête-1-01',657,,281,370,4,,0,199,,273,370,4,,0,201,,277,370,4,,0,200,,274,370,4,,0,202,,275,370,4,,0,200,,276,370,4,,0,200,,278,370,4,,0,197,,279,370,4,,0,201,,280,370,4,,0,200,,272,370,4,,0
70100,'Fête-2-01',657,,291,370,4,,0,201,,283,370,4,,0,201,,287,370,4,,0,200,,284,370,4,,0,241,,285,370,4,,0,203,,286,370,4,,0,197,,288,370,4,,0,158,,289,370,4,,0,198,,290,370,4,,0,200,,282,370,4,,0
70100,'Semaine-01',659,,294,370,4,,0,170,,295,370,4,,0,29,,303,370,4,,0,101,,297,370,4,,0,200,,304,370,4,,0,241,,305,370,4,,0,201,,306,370,4,,0,103,,296,370,4,,0,29,,302,370,4,,0,83,,292,370,4,,0,142,,298,370,4,,0,100,,299,370,4,,0,99,,293,370,4,,0,99,,300,370,4,,0,200,,301,370,4,,0
70100,'Week-end-01',657,,316,370,4,,0,199,,308,370,4,,0,201,,312,370,4,,0,200,,309,370,4,,0,202,,310,370,4,,0,200,,311,370,4,,0,200,,313,370,4,,0,197,,314,370,4,,0,201,,315,370,4,,0,200,,307,370,4,,0
70101,'Fête-1-01',512,,326,10,,,0,198,,322,10,,,0,200,,318,10,,,0,200,,319,10,,,0,200,,320,10,,,0,200,,321,10,,,0,200,,323,10,,,0,200,,324,10,,,0,200,,325,10,,,0,200,,317,10,,,0
70101,'Fête-2-01',506,,336,10,,,0,199,,332,10,,,0,205,,328,10,,,0,200,,329,10,,,0,200,,330,10,,,0,198,,331,10,,,0,203,,333,10,,,0,199,,334,10,,,0,200,,335,10,,,0,200,,327,10,,,0
70101,'Semaine-01',507,,344,10,,,0,104,,346,10,,,0,27,,338,10,,,0,71,,347,10,,,0,101,,345,10,,,0,200,,349,10,,,0,200,,350,10,,,0,200,,351,10,,,0,100,,352,10,,,0,99,,348,10,,,0,102,,339,10,,,0,103,,340,10,,,0,96,,342,10,,,0,99,,337,10,,,0,100,,343,10,,,0,200,,341,10,,,0
70101,'Week-end-01',512,,362,10,,,0,198,,358,10,,,0,200,,354,10,,,0,200,,355,10,,,0,200,,356,10,,,0,200,,357,10,,,0,200,,359,10,,,0,200,,360,10,,,0,200,,361,10,,,0,200,,353,10,,,0
70701,'Fête-2-01',619,,372,10,,,0,831,,374,10,,,0,85,,373,10,,,0,190,,371,10,,,0
70701,'Semaine-01',619,,376,10,,,0,831,,378,10,,,0,85,,377,10,,,0,190,,375,10,,,0
70900,'Fête-2-01',1717,,380,110,4,,0,98,,379,110,4,,0,87,,381,110,4,,0
70900,'Semaine-01',1717,,383,110,4,,0,98,,382,110,4,,0,87,,384,110,4,,0
