37000,'Fête-1-01',836,,5,10,0,5,0,96,,1,200,0,5,0,91,,2,200,0,5,0,93,,6,200,0,5,0,91,,3,200,0,5,0,100,,4,200,0,5,0
37000,'Week-end-01',836,,39,10,0,5,0,96,,35,200,0,5,0,91,,36,200,0,5,0,93,,40,200,0,5,0,91,,37,200,0,5,0,100,,38,200,0,5,0
37001,'Fête-1-01',1604,,42,470,0,8,0,51,,43,470,0,8,0,94,,44,470,0,8,0,91,,45,470,0,8,0,94,,41,470,4,,0
37001,'Week-end-01',1604,,81,470,0,8,0,51,,82,470,0,8,0,94,,83,470,0,8,0,91,,84,470,0,8,0,94,,80,470,4,,0
73100,'Fête-2-01',1535,,570,300,4,,0,94,,568,300,4,,0,86,,567,300,4,,0,93,,569,300,4,,0,36,,566,300,4,,0
73100,'Semaine-01',1535,,575,300,4,,0,94,,573,300,4,,0,86,,572,300,4,,0,93,,574,300,4,,0,36,,571,300,4,,0
73101,'Fête-2-01',455,,580,10,,,0,90,,577,10,,,0,79,,576,10,,,0,91,,578,10,,,0,40,,579,10,,,0
73101,'Semaine-01',455,,585,10,,,0,90,,582,10,,,0,79,,581,10,,,0,91,,583,10,,,0,40,,584,10,,,0
73200,'Fête-2-01',617,,588,270,4,,0,90,,586,270,4,,0,40,,587,270,4,,0
73200,'Semaine-01',617,,591,270,4,,0,90,,589,270,4,,0,40,,590,270,4,,0
73201,'Fête-2-01',1542,,594,10,,,0,93,,592,10,,,0,85,,593,10,,,0
73201,'Semaine-01',1542,,597,10,,,0,93,,595,10,,,0,85,,596,10,,,0
