37000,'Fête-1-01',847,,5,210,0,5,0,96,,1,400,0,5,0,91,,2,400,0,5,0,93,,6,400,0,5,0,91,,3,400,0,5,0,100,,4,400,0,5,0
37000,'Fête-2-01',519,,7,200,0,6 7,0,20,,8,280,0,6 7,0,67,,9,280,0,6 7,0,27,,10,280,0,6 7,0,26,,11,280,0,6 7,0,70,,12,280,0,6 7,0,17,,13,280,0,6 7,0,70,,14,280,0,6 7,0,18,,15,280,0,6 7,0,69,,16,280,0,6 7,0,113,,17,180,0,5,0,40,,20,180,0,5,0,80,,18,180,0,5,0,80,,19,180,0,5,0
37000,'Semaine-01',519,,21,200,0,6 7,0,20,,22,280,0,6 7,0,67,,23,280,0,6 7,0,27,,24,280,0,6 7,0,26,,25,280,0,6 7,0,70,,26,280,0,6 7,0,17,,27,280,0,6 7,0,70,,28,280,0,6 7,0,18,,29,280,0,6 7,0,69,,30,280,0,6 7,0,113,,31,180,0,5,0,40,,34,180,0,5,0,80,,32,180,0,5,0,80,,33,180,0,5,0
37000,'Week-end-01',847,,39,210,0,5,0,96,,35,400,0,5,0,91,,36,400,0,5,0,93,,40,400,0,5,0,91,,37,400,0,5,0,100,,38,400,0,5,0
37001,'Fête-1-01',1609,,42,590,0,8,0,91,,43,590,0,8,0,54,,44,590,0,8,0,91,,45,590,0,8,0
37001,'Fête-2-01',1303,,46,380,0,8,0,41,,62,380,0,8,0,81,,47,380,0,8,0,81,,61,380,0,8,0,519,,48,380,0,8,0,85,,60,380,0,8,0,90,,49,380,0,8,0
37001,'Semaine-01',1303,,63,380,0,8,0,41,,79,380,0,8,0,81,,64,380,0,8,0,81,,78,380,0,8,0,519,,65,380,0,8,0,85,,77,380,0,8,0,90,,66,380,0,8,0
37001,'Week-end-01',1609,,81,590,0,8,0,91,,82,590,0,8,0,54,,83,590,0,8,0,91,,84,590,0,8,0
73101,'Fête-2-01',501,,580,130,,,0,50,,577,130,,,0,80,,576,130,,,0,91,,578,130,,,0,79,,579,130,,,0
73101,'Semaine-01',501,,585,130,,,0,50,,582,130,,,0,80,,581,130,,,0,91,,583,130,,,0,79,,584,130,,,0
73201,'Fête-2-01',1549,,594,130,,,0,93,,592,130,,,0,85,,593,130,,,0
73201,'Semaine-01',1549,,597,130,,,0,93,,595,130,,,0,85,,596,130,,,0
