72000,'Fête-1-01',942,,392,380,,,0,200,,393,380,,,0,200,,394,380,,,0,200,,395,380,,,0,200,,396,380,,,0,200,,391,380,,,0
72000,'Fête-2-01',1030,,404,370,,,0,105,,405,370,,,0,100,,406,370,,,0,100,,407,370,,,0,100,,408,370,,,0,100,,409,370,,,0,70,,410,370,,,0,40,,400,370,,,0,60,,401,370,,,0,20,,402,370,,,0,25,,403,370,,,0,60,,397,370,,,0,20,,398,370,,,0,20,,399,370,,,0,55,,411,370,,,0,35,,413,370,,,0,65,,416,370,,,0,50,,414,370,,,0,170,,412,370,,,0,110,,415,370,,,0
72000,'Semaine-01',1025,,417,370,,,0,121,,418,400,,,0,104,,419,410,,,0,96,,420,400,,,0,100,,421,400,,,0,70,,422,400,,,0,19,,424,370,,,0,7,,423,380,,,0,63,,425,370,,,0,47,,426,380,,,0,155,,427,380,,,0,45,,428,380,,,0,53,,429,370,,,0,33,,431,380,,,0,67,,434,370,,,0,53,,432,380,,,0,167,,430,370,,,0,110,,433,370,,,0
72000,'Week-end-01',942,,436,380,,,0,200,,437,380,,,0,200,,438,380,,,0,200,,439,380,,,0,200,,440,380,,,0,200,,435,380,,,0
72001,'Fête-1-01',802,,441,30,,,0,200,,442,30,,,0,200,,443,30,,,0,200,,444,30,,,0,200,,445,30,,,0,200,,446,30,,,0
72001,'Fête-2-01',457,,465,30,,,0,70,,448,30,,,0,30,,449,30,,,0,70,,450,30,,,0,20,,451,30,,,0,60,,452,30,,,0,20,,453,30,,,0,20,,454,30,,,0,75,,455,30,,,0,85,,456,30,,,0,95,,457,30,,,0,100,,458,30,,,0,100,,459,30,,,0,100,,460,30,,,0,100,,447,30,,,0,130,,461,30,,,0,85,,462,30,,,0,225,,463,30,,,0,85,,464,30,,,0
72001,'Semaine-01',457,,477,30,,,0,243,,467,30,,,0,302,,468,30,,,0,100,,469,30,,,0,100,,470,30,,,0,100,,471,30,,,0,100,,466,30,,,0,30,,472,30,,,0,100,,473,30,,,0,85,,474,30,,,0,220,,475,30,,,0,90,,476,30,,,0
72001,'Week-end-01',802,,478,30,,,0,200,,479,30,,,0,200,,480,30,,,0,200,,481,30,,,0,200,,482,30,,,0,200,,483,30,,,0
72100,'Semaine-01',1620,,485,220,,,0,30,,486,220,,,0,60,,488,220,,,0,20,,489,220,,,0,23,,484,230,,,0,57,,487,220,,,0,30,,490,220,,,0
72101,'Semaine-01',547,,497,30,,,0,70,,495,30,,,0,20,,500,30,,,0,20,,496,30,,,0,60,,498,30,,,0,20,,499,30,,,0,19,,491,30,,,0,61,,492,30,,,0,20,,493,30,,,0,75,,494,30,,,0
