72000,'Fête-1-01',941,,392,370,,,0,200,,393,370,,,0,200,,394,370,,,0,200,,395,370,,,0,200,,396,370,,,0,200,,391,370,,,0
72000,'Fête-2-01',1030,,404,360,,,0,105,,405,360,,,0,100,,406,360,,,0,100,,407,360,,,0,100,,408,360,,,0,100,,409,360,,,0,70,,410,360,,,0,40,,400,360,,,0,60,,401,360,,,0,20,,402,360,,,0,25,,403,360,,,0,60,,397,360,,,0,20,,398,360,,,0,20,,399,360,,,0,55,,411,360,,,0,35,,413,360,,,0,65,,416,360,,,0,50,,414,360,,,0,170,,412,360,,,0,110,,415,360,,,0
72000,'Semaine-01',1025,,417,360,,,0,121,,418,390,,,0,104,,419,400,,,0,96,,420,390,,,0,100,,421,390,,,0,70,,422,390,,,0,19,,424,360,,,0,7,,423,370,,,0,63,,425,360,,,0,47,,426,370,,,0,155,,427,370,,,0,45,,428,370,,,0,53,,429,360,,,0,33,,431,370,,,0,67,,434,360,,,0,53,,432,370,,,0,167,,430,360,,,0,110,,433,360,,,0
72000,'Week-end-01',941,,436,370,,,0,200,,437,370,,,0,200,,438,370,,,0,200,,439,370,,,0,200,,440,370,,,0,200,,435,370,,,0
72001,'Fête-1-01',801,,441,20,,,0,200,,442,20,,,0,200,,443,20,,,0,200,,444,20,,,0,200,,445,20,,,0,200,,446,20,,,0
72001,'Fête-2-01',456,,465,20,,,0,70,,448,20,,,0,30,,449,20,,,0,70,,450,20,,,0,20,,451,20,,,0,60,,452,20,,,0,20,,453,20,,,0,20,,454,20,,,0,75,,455,20,,,0,85,,456,20,,,0,95,,457,20,,,0,100,,458,20,,,0,100,,459,20,,,0,100,,460,20,,,0,100,,447,20,,,0,130,,461,20,,,0,85,,462,20,,,0,225,,463,20,,,0,85,,464,20,,,0
72001,'Semaine-01',456,,477,20,,,0,203,,467,20,,,0,342,,468,20,,,0,100,,469,20,,,0,100,,470,20,,,0,100,,471,20,,,0,100,,466,20,,,0,30,,472,20,,,0,100,,473,20,,,0,85,,474,20,,,0,220,,475,20,,,0,90,,476,20,,,0
72001,'Week-end-01',801,,478,20,,,0,200,,479,20,,,0,200,,480,20,,,0,200,,481,20,,,0,200,,482,20,,,0,200,,483,20,,,0
72100,'Semaine-01',1620,,485,210,,,0,30,,486,210,,,0,60,,488,210,,,0,20,,489,210,,,0,23,,484,220,,,0,57,,487,210,,,0,30,,490,210,,,0
72101,'Semaine-01',546,,497,20,,,0,70,,495,20,,,0,20,,500,20,,,0,20,,496,20,,,0,60,,498,20,,,0,20,,499,20,,,0,19,,491,20,,,0,61,,492,20,,,0,20,,493,20,,,0,75,,494,20,,,0
