37000,'Fête-1-01',854,,5,360,0,5,0,96,,1,550,0,5,0,91,,2,550,0,5,0,93,,6,550,0,5,0,91,,3,550,0,5,0,100,,4,550,0,5,0
37000,'Fête-2-01',526,,7,350,0,6 7,0,20,,8,430,0,6 7,0,67,,9,430,0,6 7,0,27,,10,430,0,6 7,0,66,,11,430,0,6 7,0,30,,12,430,0,6 7,0,17,,13,430,0,6 7,0,70,,14,430,0,6 7,0,18,,15,430,0,6 7,0,69,,16,430,0,6 7,0,113,,17,330,0,5,0,80,,20,330,0,5,0,40,,18,330,0,5,0,80,,19,330,0,5,0
37000,'Semaine-01',526,,21,350,0,6 7,0,20,,22,430,0,6 7,0,67,,23,430,0,6 7,0,27,,24,430,0,6 7,0,66,,25,430,0,6 7,0,30,,26,430,0,6 7,0,17,,27,430,0,6 7,0,70,,28,430,0,6 7,0,18,,29,430,0,6 7,0,69,,30,430,0,6 7,0,113,,31,330,0,5,0,80,,34,330,0,5,0,40,,32,330,0,5,0,80,,33,330,0,5,0
37000,'Week-end-01',854,,39,360,0,5,0,96,,35,550,0,5,0,91,,36,550,0,5,0,93,,40,550,0,5,0,91,,37,550,0,5,0,100,,38,550,0,5,0
37001,'Fête-1-01',1610,,42,630,0,8,0,91,,43,630,0,8,0,54,,44,630,0,8,0,91,,45,630,0,8,0
37001,'Fête-2-01',1304,,46,420,0,8,0,41,,62,420,0,8,0,81,,47,420,0,8,0,81,,61,420,0,8,0,519,,48,420,0,8,0,85,,60,420,0,8,0,90,,49,420,0,8,0
37001,'Semaine-01',1304,,63,420,0,8,0,41,,79,420,0,8,0,81,,64,420,0,8,0,81,,78,420,0,8,0,519,,65,420,0,8,0,85,,77,420,0,8,0,90,,66,420,0,8,0
37001,'Week-end-01',1610,,81,630,0,8,0,91,,82,630,0,8,0,54,,83,630,0,8,0,91,,84,630,0,8,0
73101,'Fête-2-01',502,,580,170,,,0,50,,577,170,,,0,81,,576,170,,,0,90,,578,170,,,0,79,,579,170,,,0
73101,'Semaine-01',502,,585,170,,,0,50,,582,170,,,0,81,,581,170,,,0,90,,583,170,,,0,79,,584,170,,,0
73201,'Fête-2-01',1550,,594,170,,,0,93,,592,170,,,0,85,,593,170,,,0
73201,'Semaine-01',1550,,597,170,,,0,93,,595,170,,,0,85,,596,170,,,0
