37000,'Fête-1-01',922,,1,80,0,5,0,91,,2,80,0,5,0,93,,6,80,0,5,0,51,,3,80,0,5,0,100,,4,80,0,5,0
37000,'Fête-2-01',522,,8,80,0,6 7,0,27,,9,80,0,6 7,0,67,,10,80,0,6 7,0,26,,11,80,0,6 7,0,70,,12,80,0,6 7,0,17,,13,80,0,6 7,0,30,,14,80,0,6 7,0,58,,15,80,0,6 7,0,29,,16,80,0,6 7,0,159,,17,80,0,5,0,40,,20,80,0,5,0,80,,18,80,0,5,0,80,,19,80,0,5,0
37000,'Semaine-01',522,,22,80,0,6 7,0,27,,23,80,0,6 7,0,67,,24,80,0,6 7,0,26,,25,80,0,6 7,0,70,,26,80,0,6 7,0,17,,27,80,0,6 7,0,30,,28,80,0,6 7,0,58,,29,80,0,6 7,0,29,,30,80,0,6 7,0,159,,31,80,0,5,0,40,,34,80,0,5,0,80,,32,80,0,5,0,80,,33,80,0,5,0
37000,'Week-end-01',922,,35,80,0,5,0,91,,36,80,0,5,0,93,,40,80,0,5,0,51,,37,80,0,5,0,100,,38,80,0,5,0
37001,'Fête-1-01',1543,,42,80,0,8,0,91,,43,80,0,8,0,94,,44,80,0,8,0,91,,45,80,0,8,0,94,,41,80,0,8,0
37001,'Fête-2-01',1246,,46,80,0,8,0,81,,62,80,0,8,0,81,,47,80,0,8,0,41,,61,80,0,8,0,81,,51,80,0,9,0,28,,52,80,0,9,0,67,,53,80,0,9,0,21,,54,80,0,9,0,66,,55,80,0,9,0,29,,56,80,0,9,0,67,,57,80,0,9,0,20,,58,80,0,9,0,80,,59,80,0,9,0,100,,48,80,0,8,0,45,,60,80,0,8,0,90,,49,80,0,8,0,100,,50,80,0,8,0
37001,'Semaine-01',1246,,63,80,0,8,0,81,,79,80,0,8,0,81,,64,80,0,8,0,41,,78,80,0,8,0,81,,68,80,0,9,0,28,,69,80,0,9,0,67,,70,80,0,9,0,21,,71,80,0,9,0,66,,72,80,0,9,0,29,,73,80,0,9,0,67,,74,80,0,9,0,20,,75,80,0,9,0,80,,76,80,0,9,0,100,,65,80,0,8,0,45,,77,80,0,8,0,90,,66,80,0,8,0,100,,67,80,0,8,0
37001,'Week-end-01',1543,,81,80,0,8,0,91,,82,80,0,8,0,94,,83,80,0,8,0,91,,84,80,0,8,0,94,,80,80,0,8,0
73100,'Fête-2-01',1520,,570,100,,,0,92,,568,100,,,0,43,,567,100,,,0,97,,569,100,,,0,78,,566,100,,,0
73100,'Semaine-01',1520,,575,100,,,0,92,,573,100,,,0,43,,572,100,,,0,97,,574,100,,,0,78,,571,100,,,0
73200,'Fête-2-01',607,,588,80,,,0,50,,586,80,,,0,80,,587,80,,,0
73200,'Semaine-01',607,,591,80,,,0,50,,589,80,,,0,80,,590,80,,,0
