53200,'Fête-2-01',547,,90,50,,,0,80,,91,50,,,0,81,,92,50,,,0,41,,93,50,,,0,81,,94,50,,,0,78,,95,50,,,0,38,,87,50,,,0,82,,86,50,,,0,111,,96,50,,,0,105,,97,50,,,0,106,,98,50,,,0,105,,85,50,,,0,96,,99,50,,,0,80,,100,50,,,0,80,,101,50,,,0,40,,102,50,,,0,79,,103,50,,,0,78,,104,50,,,0,37,,105,50,,,0,81,,88,50,,,0,79,,106,50,,,0,40,,89,50,,,0
53200,'Semaine-01',547,,112,50,,,0,80,,113,50,,,0,81,,114,50,,,0,41,,115,50,,,0,81,,116,50,,,0,78,,117,50,,,0,38,,109,50,,,0,82,,108,50,,,0,111,,118,50,,,0,105,,119,50,,,0,106,,120,50,,,0,105,,107,50,,,0,96,,121,50,,,0,80,,122,50,,,0,80,,123,50,,,0,40,,124,50,,,0,79,,125,50,,,0,78,,126,50,,,0,37,,127,50,,,0,81,,110,50,,,0,79,,128,50,,,0,40,,111,50,,,0
70000,'Fête-1-01',725,,172,40,,,0,200,,176,40,,,0,200,,177,40,,,0,200,,178,40,,,0,200,,179,40,,,0,201,,180,40,,,0,199,,173,40,,,0,200,,174,40,,,0,199,,175,40,,,0,200,,171,40,,,0
70000,'Fête-2-01',726,,182,40,,,0,199,,186,40,,,0,200,,187,40,,,0,200,,188,40,,,0,201,,189,40,,,0,201,,190,40,,,0,198,,183,40,,,0,199,,184,40,,,0,200,,185,40,,,0,200,,181,40,,,0
70000,'Semaine-01',554,,198,40,,,0,105,,199,50,,,0,67,,195,40,,,0,20,,193,50,,,0,70,,192,40,,,0,39,,207,40,,,0,100,,196,40,,,0,70,,200,40,,,0,213,,201,70,,,0,192,,202,50,,,0,170,,208,50,,,0,52,,191,70,,,0,75,,203,40,,,0,74,,210,50,,,0,41,,206,70,,,0,17,,209,50,,,0,96,,194,40,,,0,99,,197,40,,,0,104,,211,50,,,0,166,,204,40,,,0,200,,205,40,,,0
70000,'Week-end-01',725,,213,40,,,0,200,,217,40,,,0,200,,218,40,,,0,200,,219,40,,,0,200,,220,40,,,0,201,,221,40,,,0,199,,214,40,,,0,200,,215,40,,,0,199,,216,40,,,0,200,,212,40,,,0
70100,'Fête-1-01',624,,281,40,,,0,200,,273,40,,,0,201,,277,40,,,0,200,,274,40,,,0,201,,275,40,,,0,200,,276,40,,,0,199,,278,40,,,0,200,,279,40,,,0,200,,280,40,,,0,200,,272,40,,,0
70100,'Fête-2-01',623,,291,40,,,0,202,,283,40,,,0,200,,287,40,,,0,200,,284,40,,,0,200,,285,40,,,0,201,,286,40,,,0,199,,288,40,,,0,200,,289,40,,,0,199,,290,40,,,0,200,,282,40,,,0
70100,'Semaine-01',625,,294,40,,,0,130,,295,40,,,0,70,,303,40,,,0,100,,297,40,,,0,200,,304,40,,,0,200,,305,40,,,0,201,,306,40,,,0,101,,296,40,,,0,30,,302,40,,,0,84,,292,40,,,0,184,,298,40,,,0,100,,299,40,,,0,100,,293,40,,,0,99,,300,40,,,0,200,,301,40,,,0
70100,'Week-end-01',624,,316,40,,,0,200,,308,40,,,0,201,,312,40,,,0,200,,309,40,,,0,201,,310,40,,,0,200,,311,40,,,0,199,,313,40,,,0,200,,314,40,,,0,200,,315,40,,,0,200,,307,40,,,0
