70000,'Fête-1-01',710,,610,10,,,0,200,,614,10,,,0,200,,615,10,,,0,200,,616,10,,,0,200,,617,10,,,0,200,,618,10,,,0,200,,611,10,,,0,200,,612,10,,,0,200,,613,10,,,0,200,,609,10,,,0
70000,'Semaine-01',540,,198,10,,,0,100,,199,10,,,0,70,,195,10,,,0,15,,193,10,,,0,75,,192,10,,,0,40,,207,10,,,0,100,,196,10,,,0,70,,200,10,,,0,200,,201,10,,,0,200,,202,10,,,0,130,,208,10,,,0,80,,191,10,,,0,90,,203,10,,,0,30,,210,10,,,0,70,,206,10,,,0,30,,209,10,,,0,100,,194,10,,,0,100,,197,10,,,0,100,,211,10,,,0,170,,204,10,,,0,200,,205,10,,,0
70000,'Week-end-01',710,,213,10,,,0,200,,217,10,,,0,200,,218,10,,,0,200,,219,10,,,0,200,,220,10,,,0,200,,221,10,,,0,200,,214,10,,,0,200,,215,10,,,0,200,,216,10,,,0,200,,212,10,,,0
70001,'Fête-1-01',657,,627,560,4,,0,200,,628,560,4,,0,201,,619,560,4,,0,200,,620,560,4,,0,199,,621,560,4,,0,201,,622,560,4,,0,200,,623,560,4,,0,197,,624,560,4,,0,200,,625,560,4,,0,200,,626,560,4,,0
70001,'Semaine-01',527,,249,560,4,,0,101,,250,570,4,,0,87,,245,570,4,,0,35,,243,590,4,,0,78,,251,570,4,,0,104,,247,560,4,,0,69,,252,570,4,,0,202,,253,590,4,,0,155,,254,570,4,,0,170,,255,560,4,,0,82,,242,570,4,,0,19,,257,560,4,,0,85,,244,560,4,,0,16,,256,560,4,,0,100,,258,560,4,,0,98,,246,560,4,,0,99,,248,560,4,,0,99,,261,560,4,,0,130,,259,560,4,,0,199,,260,560,4,,0
70001,'Week-end-01',657,,270,560,4,,0,200,,271,560,4,,0,201,,262,560,4,,0,200,,263,560,4,,0,199,,264,560,4,,0,201,,265,560,4,,0,200,,266,560,4,,0,197,,267,560,4,,0,200,,268,560,4,,0,200,,269,560,4,,0
70100,'Fête-1-01',610,,638,10,,,0,200,,630,10,,,0,200,,634,10,,,0,200,,631,10,,,0,200,,632,10,,,0,200,,633,10,,,0,200,,635,10,,,0,200,,636,10,,,0,200,,637,10,,,0,200,,629,10,,,0
70100,'Semaine-01',610,,294,10,,,0,130,,295,10,,,0,70,,303,10,,,0,100,,297,10,,,0,200,,304,10,,,0,200,,305,10,,,0,200,,306,10,,,0,100,,296,10,,,0,30,,302,10,,,0,85,,292,10,,,0,185,,298,10,,,0,100,,299,10,,,0,100,,293,10,,,0,100,,300,10,,,0,200,,301,10,,,0
70100,'Week-end-01',610,,316,10,,,0,200,,308,10,,,0,200,,312,10,,,0,200,,309,10,,,0,200,,310,10,,,0,200,,311,10,,,0,200,,313,10,,,0,200,,314,10,,,0,200,,315,10,,,0,200,,307,10,,,0
70101,'Fête-1-01',558,,648,370,4,,0,200,,644,370,4,,0,200,,640,370,4,,0,200,,641,370,4,,0,201,,642,370,4,,0,200,,643,370,4,,0,198,,645,370,4,,0,200,,646,370,4,,0,200,,647,370,4,,0,200,,639,370,4,,0
70101,'Semaine-01',559,,344,370,4,,0,143,,346,370,4,,0,30,,338,370,4,,0,70,,347,370,4,,0,100,,345,370,4,,0,198,,349,370,4,,0,202,,350,370,4,,0,199,,351,370,4,,0,102,,352,370,4,,0,98,,348,370,4,,0,99,,339,370,4,,0,102,,340,370,4,,0,55,,342,370,4,,0,99,,337,370,4,,0,100,,343,370,4,,0,200,,341,370,4,,0
70101,'Week-end-01',558,,362,370,4,,0,200,,358,370,4,,0,200,,354,370,4,,0,200,,355,370,4,,0,201,,356,370,4,,0,200,,357,370,4,,0,198,,359,370,4,,0,200,,360,370,4,,0,200,,361,370,4,,0,200,,353,370,4,,0
70700,'Semaine-01',620,,367,10,,,0,95,,368,10,,,0,100,,369,10,,,0,730,,370,10,,,0
70701,'Semaine-01',710,,376,130,4,,0,829,,378,70,4,,0,82,,377,70,4,,0,194,,375,70,4,,0
70900,'Semaine-01',1630,,383,10,,,0,100,,382,10,,,0,90,,384,10,,,0
70901,'Semaine-01',615,,390,110,4,,0,188,,388,110,4,,0,916,,389,50,4,,0
