72000,'Fête-1-01',940,,392,360,,,0,200,,393,360,,,0,200,,394,360,,,0,200,,395,360,,,0,200,,396,360,,,0,200,,391,360,,,0
72000,'Fête-2-01',1029,,404,350,,,0,105,,405,350,,,0,100,,406,350,,,0,100,,407,350,,,0,100,,408,350,,,0,100,,409,350,,,0,70,,410,350,,,0,40,,400,350,,,0,60,,401,350,,,0,20,,402,350,,,0,25,,403,350,,,0,60,,397,350,,,0,20,,398,350,,,0,20,,399,350,,,0,55,,411,350,,,0,35,,413,350,,,0,65,,416,350,,,0,50,,414,350,,,0,170,,412,350,,,0,110,,415,350,,,0
72000,'Semaine-01',1024,,417,350,,,0,121,,418,380,,,0,104,,419,390,,,0,96,,420,380,,,0,100,,421,380,,,0,70,,422,380,,,0,19,,424,350,,,0,7,,423,360,,,0,63,,425,350,,,0,47,,426,360,,,0,155,,427,360,,,0,45,,428,360,,,0,53,,429,350,,,0,33,,431,360,,,0,67,,434,350,,,0,53,,432,360,,,0,167,,430,350,,,0,110,,433,350,,,0
72000,'Week-end-01',940,,436,360,,,0,200,,437,360,,,0,200,,438,360,,,0,200,,439,360,,,0,200,,440,360,,,0,200,,435,360,,,0
72001,'Fête-1-01',800,,441,10,,,0,200,,442,10,,,0,200,,443,10,,,0,200,,444,10,,,0,200,,445,10,,,0,200,,446,10,,,0
72001,'Fête-2-01',455,,465,10,,,0,70,,448,10,,,0,30,,449,10,,,0,70,,450,10,,,0,20,,451,10,,,0,60,,452,10,,,0,20,,453,10,,,0,20,,454,10,,,0,75,,455,10,,,0,85,,456,10,,,0,95,,457,10,,,0,100,,458,10,,,0,100,,459,10,,,0,100,,460,10,,,0,100,,447,10,,,0,130,,461,10,,,0,85,,462,10,,,0,225,,463,10,,,0,85,,464,10,,,0
72001,'Semaine-01',455,,477,10,,,0,203,,467,10,,,0,342,,468,10,,,0,100,,469,10,,,0,100,,470,10,,,0,100,,471,10,,,0,100,,466,10,,,0,30,,472,10,,,0,100,,473,10,,,0,85,,474,10,,,0,220,,475,10,,,0,90,,476,10,,,0
72001,'Week-end-01',800,,478,10,,,0,200,,479,10,,,0,200,,480,10,,,0,200,,481,10,,,0,200,,482,10,,,0,200,,483,10,,,0
72100,'Semaine-01',1619,,485,200,,,0,30,,486,200,,,0,60,,488,200,,,0,20,,489,200,,,0,23,,484,210,,,0,57,,487,200,,,0,30,,490,200,,,0
72101,'Semaine-01',545,,497,10,,,0,70,,495,10,,,0,20,,500,10,,,0,20,,496,10,,,0,60,,498,10,,,0,20,,499,10,,,0,19,,491,10,,,0,61,,492,10,,,0,20,,493,10,,,0,75,,494,10,,,0
