72000,'Fête-1-01',942,,392,390,,,0,200,,393,390,,,0,200,,394,390,,,0,200,,395,390,,,0,200,,396,390,,,0,200,,391,390,,,0
72000,'Fête-2-01',1031,,404,380,,,0,105,,405,380,,,0,100,,406,380,,,0,100,,407,380,,,0,100,,408,380,,,0,100,,409,380,,,0,70,,410,380,,,0,40,,400,380,,,0,60,,401,380,,,0,20,,402,380,,,0,25,,403,380,,,0,60,,397,380,,,0,20,,398,380,,,0,20,,399,380,,,0,55,,411,380,,,0,35,,413,380,,,0,65,,416,380,,,0,50,,414,380,,,0,170,,412,380,,,0,110,,415,380,,,0
72000,'Semaine-01',1026,,417,380,,,0,121,,418,410,,,0,104,,419,420,,,0,96,,420,410,,,0,100,,421,410,,,0,70,,422,410,,,0,19,,424,380,,,0,7,,423,390,,,0,63,,425,380,,,0,47,,426,390,,,0,155,,427,390,,,0,45,,428,390,,,0,53,,429,380,,,0,33,,431,390,,,0,67,,434,380,,,0,53,,432,390,,,0,167,,430,380,,,0,110,,433,380,,,0
72000,'Week-end-01',942,,436,390,,,0,200,,437,390,,,0,200,,438,390,,,0,200,,439,390,,,0,200,,440,390,,,0,200,,435,390,,,0
72001,'Fête-1-01',802,,441,40,,,0,200,,442,40,,,0,200,,443,40,,,0,200,,444,40,,,0,200,,445,40,,,0,200,,446,40,,,0
72001,'Fête-2-01',457,,465,40,,,0,70,,448,40,,,0,30,,449,40,,,0,70,,450,40,,,0,20,,451,40,,,0,60,,452,40,,,0,20,,453,40,,,0,20,,454,40,,,0,75,,455,40,,,0,85,,456,40,,,0,95,,457,40,,,0,100,,458,40,,,0,100,,459,40,,,0,100,,460,40,,,0,100,,447,40,,,0,130,,461,40,,,0,85,,462,40,,,0,225,,463,40,,,0,85,,464,40,,,0
72001,'Semaine-01',457,,477,40,,,0,243,,467,40,,,0,302,,468,40,,,0,100,,469,40,,,0,100,,470,40,,,0,100,,471,40,,,0,100,,466,40,,,0,30,,472,40,,,0,100,,473,40,,,0,85,,474,40,,,0,220,,475,40,,,0,90,,476,40,,,0
72001,'Week-end-01',802,,478,40,,,0,200,,479,40,,,0,200,,480,40,,,0,200,,481,40,,,0,200,,482,40,,,0,200,,483,40,,,0
72100,'Semaine-01',1621,,485,230,,,0,30,,486,230,,,0,60,,488,230,,,0,20,,489,230,,,0,23,,484,240,,,0,57,,487,230,,,0,30,,490,230,,,0
72101,'Semaine-01',547,,497,40,,,0,70,,495,40,,,0,20,,500,40,,,0,20,,496,40,,,0,60,,498,40,,,0,20,,499,40,,,0,19,,491,40,,,0,61,,492,40,,,0,20,,493,40,,,0,75,,494,40,,,0
