70000,'Semaine-01',649,,199,20,,,0,85,,193,20,,,0,685,,202,20,,,0,131,,208,20,,,0,201,,210,20,,,0,99,,209,20,,,0,300,,211,20,,,0
70001,'Semaine-01',616,,250,560,4,,0,86,,245,560,4,,0,113,,251,560,4,,0,133,,252,560,4,,0,401,,254,560,4,,0,210,,242,560,4,,0
72000,'Fête-1-01',909,,650,20,,,0,200,,651,20,,,0,200,,652,20,,,0,200,,653,20,,,0,200,,654,20,,,0,200,,649,20,,,0
72000,'Semaine-01',1221,,419,50,,,0,688,,431,20,,,0,120,,432,20,,,0
72000,'Week-end-01',909,,436,20,,,0,200,,437,20,,,0,200,,438,20,,,0,200,,439,20,,,0,200,,440,20,,,0,200,,435,20,,,0
72001,'Fête-1-01',833,,655,410,4,,0,200,,656,410,4,,0,200,,657,410,4,,0,200,,658,410,4,,0,200,,659,410,4,,0,200,,660,410,4,,0
72001,'Semaine-01',1033,,468,410,4,,0,100,,469,410,4,,0,100,,470,410,4,,0,270,,472,410,4,,0,100,,473,410,4,,0,45,,474,410,4,,0,260,,475,410,4,,0,50,,476,410,4,,0
72001,'Week-end-01',833,,478,410,4,,0,200,,479,410,4,,0,200,,480,410,4,,0,200,,481,410,4,,0,200,,482,410,4,,0,200,,483,410,4,,0
72100,'Semaine-01',1730,,484,20,,,0
72101,'Semaine-01',642,,495,260,4,,0,80,,496,260,4,,0
72200,'Semaine-01',1700,,501,20,,,0,100,,507,20,,,0
72201,'Semaine-01',705,,516,220,4,,0
