53201,'Fête-2-01',503,,134,30,,,0,30,,135,30,,,0,80,,136,30,,,0,40,,137,30,,,0,80,,138,30,,,0,80,,139,30,,,0,40,,140,30,,,0,80,,130,30,,,0,115,,141,30,,,0,105,,142,30,,,0,105,,143,30,,,0,145,,129,30,,,0,105,,131,30,,,0,105,,144,30,,,0,40,,145,30,,,0,80,,146,30,,,0,80,,147,30,,,0,40,,148,30,,,0,80,,132,30,,,0,80,,149,30,,,0,40,,133,30,,,0
53201,'Semaine-01',503,,155,30,,,0,30,,156,30,,,0,80,,157,30,,,0,40,,158,30,,,0,80,,159,30,,,0,80,,160,30,,,0,40,,161,30,,,0,80,,151,30,,,0,115,,162,30,,,0,105,,163,30,,,0,105,,164,30,,,0,145,,150,30,,,0,105,,152,30,,,0,105,,165,30,,,0,40,,166,30,,,0,80,,167,30,,,0,80,,168,30,,,0,40,,169,30,,,0,80,,153,30,,,0,80,,170,30,,,0,40,,154,30,,,0
70001,'Fête-1-01',638,,230,540,,,0,201,,231,540,,,0,200,,222,540,,,0,202,,223,540,,,0,198,,224,540,,,0,201,,225,540,,,0,199,,226,540,,,0,199,,227,540,,,0,199,,228,540,,,0,200,,229,540,,,0
70001,'Fête-2-01',639,,240,540,,,0,200,,241,540,,,0,203,,232,540,,,0,200,,233,540,,,0,200,,234,540,,,0,200,,235,540,,,0,198,,236,540,,,0,200,,237,540,,,0,198,,238,540,,,0,200,,239,540,,,0
70001,'Semaine-01',509,,249,540,,,0,100,,250,540,,,0,46,,245,540,,,0,64,,243,540,,,0,89,,251,540,,,0,106,,247,540,,,0,27,,252,540,,,0,194,,253,540,,,0,205,,254,540,,,0,169,,255,540,,,0,40,,242,540,,,0,60,,257,540,,,0,44,,244,540,,,0,56,,256,540,,,0,102,,258,540,,,0,99,,246,540,,,0,99,,248,540,,,0,99,,261,540,,,0,129,,259,540,,,0,199,,260,540,,,0
70001,'Week-end-01',638,,270,540,,,0,201,,271,540,,,0,200,,262,540,,,0,202,,263,540,,,0,198,,264,540,,,0,201,,265,540,,,0,199,,266,540,,,0,199,,267,540,,,0,199,,268,540,,,0,200,,269,540,,,0
70101,'Fête-1-01',542,,326,350,,,0,199,,322,350,,,0,200,,318,350,,,0,200,,319,350,,,0,200,,320,350,,,0,199,,321,350,,,0,200,,323,350,,,0,200,,324,350,,,0,200,,325,350,,,0,199,,317,350,,,0
70101,'Fête-2-01',539,,336,350,,,0,201,,332,350,,,0,203,,328,350,,,0,200,,329,350,,,0,199,,330,350,,,0,200,,331,350,,,0,200,,333,350,,,0,198,,334,350,,,0,200,,335,350,,,0,200,,327,350,,,0
70101,'Semaine-01',540,,344,350,,,0,105,,346,350,,,0,68,,338,350,,,0,31,,347,350,,,0,100,,345,350,,,0,199,,349,350,,,0,200,,350,350,,,0,199,,351,350,,,0,102,,352,350,,,0,98,,348,350,,,0,100,,339,350,,,0,103,,340,350,,,0,95,,342,350,,,0,99,,337,350,,,0,100,,343,350,,,0,200,,341,350,,,0
70101,'Week-end-01',542,,362,350,,,0,199,,358,350,,,0,200,,354,350,,,0,200,,355,350,,,0,200,,356,350,,,0,199,,357,350,,,0,200,,359,350,,,0,200,,360,350,,,0,200,,361,350,,,0,199,,353,350,,,0
70901,'Fête-2-01',558,,387,90,,,0,186,,385,90,,,0,961,,386,30,,,0
70901,'Semaine-01',558,,390,90,,,0,186,,388,90,,,0,961,,389,30,,,0
72201,'Semaine-01',605,,512,200,,,0,30,,513,200,,,0,20,,516,200,,,0,60,,514,200,,,0,20,,515,200,,,0,20,,517,200,,,0,60,,511,200,,,0,20,,509,200,,,0,20,,508,200,,,0,60,,510,200,,,0
