37000,'Fête-1-01',857,,5,390,0,5,0,96,,1,580,0,5,0,91,,2,580,0,5,0,93,,6,580,0,5,0,91,,3,580,0,5,0,100,,4,580,0,5,0
37000,'Fête-2-01',529,,7,380,0,6 7,0,20,,8,460,0,6 7,0,67,,9,460,0,6 7,0,27,,10,460,0,6 7,0,66,,11,460,0,6 7,0,30,,12,460,0,6 7,0,17,,13,460,0,6 7,0,70,,14,460,0,6 7,0,18,,15,460,0,6 7,0,69,,16,460,0,6 7,0,113,,17,360,0,5,0,80,,20,360,0,5,0,40,,18,360,0,5,0,80,,19,360,0,5,0
37000,'Semaine-01',529,,21,380,0,6 7,0,20,,22,460,0,6 7,0,67,,23,460,0,6 7,0,27,,24,460,0,6 7,0,66,,25,460,0,6 7,0,30,,26,460,0,6 7,0,17,,27,460,0,6 7,0,70,,28,460,0,6 7,0,18,,29,460,0,6 7,0,69,,30,460,0,6 7,0,113,,31,360,0,5,0,80,,34,360,0,5,0,40,,32,360,0,5,0,80,,33,360,0,5,0
37000,'Week-end-01',857,,39,390,0,5,0,96,,35,580,0,5,0,91,,36,580,0,5,0,93,,40,580,0,5,0,91,,37,580,0,5,0,100,,38,580,0,5,0
37001,'Fête-1-01',1613,,42,640,0,8,0,91,,43,640,0,8,0,54,,44,640,0,8,0,91,,45,640,0,8,0
37001,'Fête-2-01',1307,,46,430,0,8,0,41,,62,430,0,8,0,81,,47,430,0,8,0,81,,61,430,0,8,0,46,,51,470,0,9,0,68,,52,470,0,9,0,27,,53,470,0,9,0,61,,54,470,0,9,0,26,,55,470,0,9,0,69,,56,470,0,9,0,27,,57,470,0,9,0,20,,58,470,0,9,0,80,,59,470,0,9,0,95,,48,430,0,8,0,85,,60,430,0,8,0,90,,49,430,0,8,0
37001,'Semaine-01',1307,,63,430,0,8,0,41,,79,430,0,8,0,81,,64,430,0,8,0,81,,78,430,0,8,0,46,,68,470,0,9,0,68,,69,470,0,9,0,27,,70,470,0,9,0,61,,71,470,0,9,0,26,,72,470,0,9,0,69,,73,470,0,9,0,27,,74,470,0,9,0,20,,75,470,0,9,0,80,,76,470,0,9,0,95,,65,430,0,8,0,85,,77,430,0,8,0,90,,66,430,0,8,0
37001,'Week-end-01',1613,,81,640,0,8,0,91,,82,640,0,8,0,54,,83,640,0,8,0,91,,84,640,0,8,0
73101,'Fête-2-01',505,,580,200,,,0,50,,577,200,,,0,81,,576,200,,,0,90,,578,200,,,0,79,,579,200,,,0
73101,'Semaine-01',505,,585,200,,,0,50,,582,200,,,0,81,,581,200,,,0,90,,583,200,,,0,79,,584,200,,,0
73201,'Fête-2-01',1552,,594,200,,,0,93,,592,200,,,0,85,,593,200,,,0
73201,'Semaine-01',1552,,597,200,,,0,93,,595,200,,,0,85,,596,200,,,0
