72000,'Fête-1-01',945,,392,420,4,,0,200,,393,420,4,,0,200,,394,420,4,,0,200,,395,420,4,,0,200,,396,420,4,,0,200,,391,420,4,,0
72000,'Fête-2-01',1033,,404,410,4,,0,105,,405,410,4,,0,100,,406,410,4,,0,100,,407,410,4,,0,100,,408,410,4,,0,100,,409,410,4,,0,70,,410,410,4,,0,40,,400,410,4,,0,60,,401,410,4,,0,20,,402,410,4,,0,25,,403,410,4,,0,60,,397,410,4,,0,20,,398,410,4,,0,20,,399,410,4,,0,55,,411,410,4,,0,35,,413,410,4,,0,65,,416,410,4,,0,50,,414,410,4,,0,170,,412,410,4,,0,110,,415,410,4,,0
72000,'Semaine-01',1028,,417,410,4,,0,121,,418,440,4,,0,104,,419,450,4,,0,96,,420,440,4,,0,100,,421,440,4,,0,70,,422,440,4,,0,19,,424,410,4,,0,7,,423,420,4,,0,63,,425,410,4,,0,47,,426,420,4,,0,155,,427,420,4,,0,45,,428,420,4,,0,53,,429,410,4,,0,33,,431,420,4,,0,67,,434,410,4,,0,93,,432,420,4,,0,127,,430,410,4,,0,110,,433,410,4,,0
72000,'Week-end-01',945,,436,420,4,,0,200,,437,420,4,,0,200,,438,420,4,,0,200,,439,420,4,,0,200,,440,420,4,,0,200,,435,420,4,,0
72001,'Fête-1-01',805,,441,70,,,0,200,,442,70,,,0,200,,443,70,,,0,200,,444,70,,,0,200,,445,70,,,0,200,,446,70,,,0
72001,'Fête-2-01',500,,465,70,,,0,30,,448,70,,,0,70,,449,70,,,0,30,,450,70,,,0,20,,451,70,,,0,60,,452,70,,,0,20,,453,70,,,0,20,,454,70,,,0,75,,455,70,,,0,85,,456,70,,,0,95,,457,70,,,0,100,,458,70,,,0,100,,459,70,,,0,100,,460,70,,,0,100,,447,70,,,0,130,,461,70,,,0,85,,462,70,,,0,225,,463,70,,,0,85,,464,70,,,0
72001,'Semaine-01',500,,477,70,,,0,203,,467,70,,,0,302,,468,70,,,0,100,,469,70,,,0,100,,470,70,,,0,100,,471,70,,,0,100,,466,70,,,0,30,,472,70,,,0,100,,473,70,,,0,85,,474,70,,,0,220,,475,70,,,0,90,,476,70,,,0
72001,'Week-end-01',805,,478,70,,,0,200,,479,70,,,0,200,,480,70,,,0,200,,481,70,,,0,200,,482,70,,,0,200,,483,70,,,0
72100,'Semaine-01',1623,,485,260,4,,0,30,,486,260,4,,0,60,,488,260,4,,0,20,,489,260,4,,0,23,,484,270,4,,0,57,,487,260,4,,0,30,,490,260,4,,0
72101,'Semaine-01',550,,497,70,,,0,70,,495,70,,,0,20,,500,70,,,0,60,,496,70,,,0,20,,498,70,,,0,20,,499,70,,,0,19,,491,70,,,0,61,,492,70,,,0,20,,493,70,,,0,75,,494,70,,,0
