53200,'Fête-2-01',539,,90,30,,,0,80,,91,30,,,0,40,,92,30,,,0,80,,93,30,,,0,81,,94,30,,,0,39,,95,30,,,0,79,,87,30,,,0,82,,86,30,,,0,111,,96,30,,,0,103,,97,30,,,0,106,,98,30,,,0,106,,85,30,,,0,95,,99,30,,,0,80,,100,30,,,0,80,,101,30,,,0,40,,102,30,,,0,80,,103,30,,,0,38,,104,30,,,0,78,,105,30,,,0,82,,88,30,,,0,38,,106,30,,,0,80,,89,30,,,0
53200,'Semaine-01',539,,112,30,,,0,80,,113,30,,,0,40,,114,30,,,0,80,,115,30,,,0,81,,116,30,,,0,39,,117,30,,,0,79,,109,30,,,0,82,,108,30,,,0,111,,118,30,,,0,103,,119,30,,,0,106,,120,30,,,0,106,,107,30,,,0,95,,121,30,,,0,80,,122,30,,,0,80,,123,30,,,0,40,,124,30,,,0,80,,125,30,,,0,38,,126,30,,,0,78,,127,30,,,0,82,,110,30,,,0,38,,128,30,,,0,80,,111,30,,,0
70000,'Fête-1-01',719,,172,20,,,0,200,,176,20,,,0,200,,177,20,,,0,200,,178,20,,,0,200,,179,20,,,0,200,,180,20,,,0,200,,173,20,,,0,200,,174,20,,,0,199,,175,20,,,0,200,,171,20,,,0
70000,'Fête-2-01',719,,182,20,,,0,200,,186,20,,,0,200,,187,20,,,0,200,,188,20,,,0,200,,189,20,,,0,200,,190,20,,,0,200,,183,20,,,0,199,,184,20,,,0,200,,185,20,,,0,200,,181,20,,,0
70000,'Semaine-01',548,,198,20,,,0,103,,199,30,,,0,68,,195,20,,,0,17,,193,30,,,0,73,,192,20,,,0,40,,207,20,,,0,100,,196,20,,,0,70,,200,20,,,0,210,,201,50,,,0,192,,202,30,,,0,131,,208,30,,,0,90,,191,50,,,0,77,,203,20,,,0,34,,210,30,,,0,79,,206,50,,,0,20,,209,30,,,0,97,,194,20,,,0,99,,197,20,,,0,103,,211,30,,,0,167,,204,20,,,0,200,,205,20,,,0
70000,'Week-end-01',719,,213,20,,,0,200,,217,20,,,0,200,,218,20,,,0,200,,219,20,,,0,200,,220,20,,,0,200,,221,20,,,0,200,,214,20,,,0,200,,215,20,,,0,199,,216,20,,,0,200,,212,20,,,0
70100,'Fête-1-01',618,,281,20,,,0,200,,273,20,,,0,201,,277,20,,,0,200,,274,20,,,0,200,,275,20,,,0,200,,276,20,,,0,200,,278,20,,,0,200,,279,20,,,0,200,,280,20,,,0,200,,272,20,,,0
70100,'Fête-2-01',617,,291,20,,,0,202,,283,20,,,0,200,,287,20,,,0,200,,284,20,,,0,200,,285,20,,,0,199,,286,20,,,0,201,,288,20,,,0,200,,289,20,,,0,199,,290,20,,,0,200,,282,20,,,0
70100,'Semaine-01',619,,294,20,,,0,130,,295,20,,,0,70,,303,20,,,0,100,,297,20,,,0,200,,304,20,,,0,200,,305,20,,,0,200,,306,20,,,0,100,,296,20,,,0,30,,302,20,,,0,85,,292,20,,,0,185,,298,20,,,0,100,,299,20,,,0,100,,293,20,,,0,99,,300,20,,,0,200,,301,20,,,0
70100,'Week-end-01',618,,316,20,,,0,200,,308,20,,,0,201,,312,20,,,0,200,,309,20,,,0,200,,310,20,,,0,200,,311,20,,,0,200,,313,20,,,0,200,,314,20,,,0,200,,315,20,,,0,200,,307,20,,,0
70700,'Fête-2-01',630,,363,20,,,0,95,,364,20,,,0,100,,365,20,,,0,730,,366,20,,,0
70700,'Semaine-01',630,,367,20,,,0,95,,368,20,,,0,100,,369,20,,,0,730,,370,20,,,0
70900,'Fête-2-01',1641,,380,20,,,0,99,,379,20,,,0,89,,381,20,,,0
70900,'Semaine-01',1641,,383,20,,,0,99,,382,20,,,0,89,,384,20,,,0
72000,'Fête-1-01',913,,392,30,,,0,200,,393,30,,,0,200,,394,30,,,0,200,,395,30,,,0,200,,396,30,,,0,200,,391,30,,,0
72000,'Fête-2-01',1004,,404,20,,,0,105,,405,20,,,0,100,,406,20,,,0,100,,407,20,,,0,100,,408,20,,,0,100,,409,20,,,0,30,,410,20,,,0,80,,400,20,,,0,20,,401,20,,,0,20,,402,20,,,0,60,,403,20,,,0,20,,397,20,,,0,20,,398,20,,,0,60,,399,20,,,0,20,,411,20,,,0,75,,413,20,,,0,25,,416,20,,,0,90,,414,20,,,0,130,,412,20,,,0,150,,415,20,,,0
72000,'Semaine-01',959,,417,20,,,0,161,,418,50,,,0,104,,419,60,,,0,96,,420,50,,,0,100,,421,50,,,0,30,,422,50,,,0,59,,424,20,,,0,7,,423,30,,,0,23,,425,20,,,0,87,,426,30,,,0,115,,427,30,,,0,85,,428,30,,,0,13,,429,20,,,0,73,,431,30,,,0,27,,434,20,,,0,93,,432,30,,,0,127,,430,20,,,0,150,,433,20,,,0
72000,'Week-end-01',913,,436,30,,,0,200,,437,30,,,0,200,,438,30,,,0,200,,439,30,,,0,200,,440,30,,,0,200,,435,30,,,0
72100,'Semaine-01',1600,,485,20,,,0,30,,486,20,,,0,20,,488,20,,,0,60,,489,20,,,0,23,,484,30,,,0,17,,487,20,,,0,70,,490,20,,,0
72200,'Semaine-01',1610,,502,20,,,0,35,,505,20,,,0,59,,501,30,,,0,16,,506,20,,,0,20,,503,20,,,0,64,,507,30,,,0,26,,504,20,,,0
72300,'Fête-2-01',724,,524,20,,,0,25,,522,20,,,0,65,,521,20,,,0,20,,523,20,,,0,25,,525,20,,,0,75,,528,20,,,0,75,,526,20,,,0,295,,527,20,,,0,110,,520,20,0,10 11,0,635,,518,20,0,10 11,0,160,,519,20,0,10 11,0
72300,'Semaine-01',724,,535,20,,,0,25,,533,20,,,0,65,,532,20,,,0,20,,534,20,,,0,25,,536,20,,,0,75,,539,20,,,0,75,,537,20,,,0,295,,538,20,,,0,110,,531,20,0,10 11,0,635,,529,20,0,10 11,0,160,,530,20,0,10 11,0
73100,'Fête-2-01',1504,,570,20,,,0,52,,568,20,,,0,82,,567,20,,,0,98,,569,20,,,0,79,,566,20,,,0
73100,'Semaine-01',1504,,575,20,,,0,52,,573,20,,,0,82,,572,20,,,0,98,,574,20,,,0,79,,571,20,,,0
73200,'Fête-2-01',549,,588,20,,,0,90,,586,20,,,0,80,,587,20,,,0
73200,'Semaine-01',549,,591,20,,,0,90,,589,20,,,0,80,,590,20,,,0
