70000,70000,1,0
70000,201219,2,0
70000,201006,3,0
70000,201030,4,0
70000,101030,5,0
70000,70500,6,0
70000,70008,7,0
70000,70040,8,0
70000,70054,9,0
70000,70070,10,0
70000,70098,11,0
70000,70112,12,0
70000,70124,13,0
70000,70148,14,0
70000,70162,15,0
70000,70182,16,0
70000,70334,17,0
70000,70336,18,0
70000,70338,19,0
70000,70350,20,0
70000,70352,21,0
70000,70354,22,0
70000,70356,23,0
70000,70340,24,0
70000,70342,25,0
70000,70344,26,0
70000,70346,27,0
70000,70358,28,0
70000,70360,29,0
70000,70362,30,0
70000,70348,31,0
70000,70376,32,0
70000,70444,33,0
70000,70452,34,0
70000,70454,35,0
70000,70456,36,0
70000,70460,37,0
70000,70464,38,0
70000,70468,39,0
70000,70474,40,0
70000,70480,41,0
70000,70494,42,0
70000,70522,43,0
70000,70532,44,0
70000,70564,45,0
70000,70572,46,0
70000,70576,47,0
70000,70580,48,0
70000,70584,49,0
70000,70596,50,0
70000,70604,51,0
70000,70616,52,0
70000,70620,53,0
70000,70622,54,0
70000,70626,55,0
70000,70630,56,0
70000,70634,57,0
70000,70636,58,0
70000,70638,59,0
70000,70642,60,0
70000,70644,61,0
70000,70648,62,0
70000,70650,63,0
70000,70652,64,0
70000,70662,65,0
70000,70666,66,0
70000,70670,67,0
70000,70678,68,0
70000,70684,69,0
70000,70694,70,0
70000,70702,71,0
70000,70708,72,0
70000,70716,73,0
70000,70720,74,0
70000,70688,75,0
70000,70698,76,0
70000,70712,77,0
70000,70718,78,1
70001,70719,1,0
70001,70713,2,0
70001,70699,3,0
70001,70689,4,0
70001,70679,5,0
70001,70721,6,0
70001,70717,7,0
70001,70709,8,0
70001,70703,9,0
70001,70695,10,0
70001,70685,11,0
70001,70681,12,0
70001,70671,13,0
70001,70667,14,0
70001,70663,15,0
70001,70653,16,0
70001,70651,17,0
70001,70649,18,0
70001,70645,19,0
70001,70643,20,0
70001,70639,21,0
70001,70637,22,0
70001,70635,23,0
70001,70631,24,0
70001,70627,25,0
70001,70623,26,0
70001,70621,27,0
70001,70617,28,0
70001,70605,29,0
70001,70597,30,0
70001,70585,31,0
70001,70581,32,0
70001,70577,33,0
70001,70573,34,0
70001,70565,35,0
70001,70533,36,0
70001,70523,37,0
70001,70495,38,0
70001,70481,39,0
70001,70475,40,0
70001,70469,41,0
70001,70465,42,0
70001,70461,43,0
70001,70457,44,0
70001,70455,45,0
70001,70453,46,0
70001,70445,47,0
70001,70377,48,0
70001,70349,49,0
70001,70363,50,0
70001,70361,51,0
70001,70359,52,0
70001,70347,53,0
70001,70345,54,0
70001,70343,55,0
70001,70341,56,0
70001,70357,57,0
70001,70355,58,0
70001,70353,59,0
70001,70351,60,0
70001,70339,61,0
70001,70337,62,0
70001,70335,63,0
70001,70183,64,0
70001,70163,65,0
70001,70149,66,0
70001,70125,67,0
70001,70113,68,0
70001,70099,69,0
70001,70071,70,0
70001,70055,71,0
70001,70041,72,0
70001,70007,73,0
70001,70500,74,0
70001,103030,75,0
70001,203030,76,0
70001,203006,77,0
70001,203242,78,0
70001,70000,79,1
70500,70000,1,0
70500,70056,2,0
70500,70626,3,0
70500,70674,4,0
70500,70712,5,0
70500,70718,6,1
70501,70719,1,0
70501,70713,2,0
70501,70675,3,0
70501,70627,4,0
70501,70057,5,0
70501,70000,6,1
72000,70000,1,0
72000,201219,2,0
72000,201006,3,0
72000,70500,4,0
72000,70008,5,0
72000,70042,6,0
72000,70044,7,0
72000,70046,8,0
72000,70048,9,0
72000,70052,10,0
72000,70056,11,0
72000,70062,12,0
72000,70066,13,0
72000,70068,14,0
72000,70074,15,0
72000,70078,16,0
72000,70092,17,0
72000,70100,18,0
72000,70118,19,0
72000,70120,20,0
72000,70134,21,0
72000,70140,22,0
72000,70136,23,0
72000,70122,24,0
72000,70108,25,0
72000,70094,26,0
72000,70090,27,0
72000,70082,28,0
72000,70102,29,0
72000,70104,30,0
72000,70110,31,0
72000,70116,32,0
72000,70130,33,0
72000,70142,34,0
72000,70144,35,0
72000,70138,36,0
72000,70128,37,0
72000,70114,38,0
72000,70096,39,1
72001,70099,1,0
72001,70115,2,0
72001,70129,3,0
72001,70139,4,0
72001,70145,5,0
72001,70143,6,0
72001,70131,7,0
72001,70117,8,0
72001,70111,9,0
72001,70105,10,0
72001,70103,11,0
72001,70083,12,0
72001,70081,13,0
72001,70091,14,0
72001,70095,15,0
72001,70109,16,0
72001,70123,17,0
72001,70137,18,0
72001,70141,19,0
72001,70135,20,0
72001,70127,21,0
72001,70119,22,0
72001,70101,23,0
72001,70093,24,0
72001,70079,25,0
72001,70075,26,0
72001,70069,27,0
72001,70067,28,0
72001,70063,29,0
72001,70057,30,0
72001,70053,31,0
72001,70049,32,0
72001,70047,33,0
72001,70045,34,0
72001,70043,35,0
72001,70007,36,0
72001,70500,37,0
72001,203006,38,0
72001,203242,39,0
72001,70000,40,1
72100,70000,1,0
72100,70500,2,0
72100,70008,3,0
72100,70042,4,0
72100,70044,5,0
72100,70046,6,0
72100,70048,7,0
72100,70052,8,0
72100,70056,9,0
72100,70062,10,0
72100,70066,11,0
72100,70068,12,0
72100,70074,13,0
72100,70078,14,0
72100,70092,15,0
72100,70100,16,0
72100,70118,17,0
72100,70120,18,0
72100,70130,19,0
72100,70142,20,0
72100,70144,21,0
72100,70138,22,0
72100,70128,23,0
72100,70114,24,0
72100,70096,25,1
72101,70099,1,0
72101,70115,2,0
72101,70129,3,0
72101,70139,4,0
72101,70145,5,0
72101,70143,6,0
72101,70131,7,0
72101,70121,8,0
72101,70119,9,0
72101,70101,10,0
72101,70093,11,0
72101,70079,12,0
72101,70075,13,0
72101,70069,14,0
72101,70067,15,0
72101,70063,16,0
72101,70057,17,0
72101,70053,18,0
72101,70049,19,0
72101,70047,20,0
72101,70045,21,0
72101,70043,22,0
72101,70007,23,0
72101,70500,24,0
72101,203006,25,0
72101,203242,26,0
72101,70000,27,1
72200,70000,1,0
72200,70500,2,0
72200,70008,3,0
72200,70040,4,0
72200,70056,5,0
72200,70062,6,0
72200,70072,7,0
72200,70076,8,0
72200,70080,9,0
72200,70082,10,0
72200,70102,11,0
72200,70104,12,0
72200,70110,13,0
72200,70116,14,0
72200,70134,15,0
72200,70140,16,0
72200,70136,17,0
72200,70122,18,0
72200,70108,19,0
72200,70094,20,0
72200,70090,21,1
72201,70091,1,0
72201,70095,2,0
72201,70109,3,0
72201,70123,4,0
72201,70137,5,0
72201,70141,6,0
72201,70135,7,0
72201,70127,8,0
72201,70111,9,0
72201,70105,10,0
72201,70103,11,0
72201,70083,12,0
72201,70081,13,0
72201,70077,14,0
72201,70073,15,0
72201,70065,16,0
72201,70057,17,0
72201,70041,18,0
72201,70007,19,0
72201,70500,20,0
72201,203006,21,0
72201,203242,22,0
72201,70000,23,1
72300,70000,1,0
72300,70008,2,0
72300,70038,3,0
72300,70028,4,0
72300,70026,5,0
72300,70024,6,0
72300,70022,7,0
72300,302109,8,0
72300,302156,9,0
72300,301146,10,1
72301,301146,1,0
72301,302156,2,0
72301,70021,3,0
72301,302109,4,0
72301,70023,5,0
72301,70025,6,0
72301,70027,7,0
72301,70029,8,0
72301,70039,9,0
72301,70007,10,0
72301,70000,11,1
72400,70000,1,0
72400,70040,2,0
72400,70054,3,0
72400,70070,4,0
72400,70098,5,1
72401,70099,1,0
72401,70071,2,0
72401,70055,3,0
72401,70041,4,0
72401,70000,5,1
73000,70000,1,0
73000,201219,2,0
73000,70008,3,0
73000,70038,4,0
73000,70224,5,0
73000,70298,6,0
73000,70296,7,0
73000,70294,8,0
73000,70292,9,0
73000,70302,10,0
73000,70290,11,0
73000,70288,12,0
73000,70286,13,0
73000,401077,14,0
73000,70282,15,0
73000,70280,16,0
73000,70278,17,0
73000,70276,18,0
73000,70274,19,0
73000,70272,20,0
73000,70270,21,0
73000,70268,22,0
73000,70266,23,0
73000,70264,24,0
73000,70262,25,0
73000,70260,26,0
73000,70256,27,0
73000,70254,28,0
73000,70252,29,0
73000,70250,30,0
73000,70248,31,0
73000,70246,32,0
73000,70240,33,0
73000,70238,34,0
73000,70230,35,0
73000,70228,36,0
73000,70226,37,1
73001,70223,1,0
73001,70225,2,0
73001,70227,3,0
73001,70229,4,0
73001,70237,5,0
73001,70239,6,0
73001,70245,7,0
73001,70247,8,0
73001,70249,9,0
73001,70251,10,0
73001,70253,11,0
73001,70255,12,0
73001,70259,13,0
73001,70261,14,0
73001,70263,15,0
73001,70265,16,0
73001,70267,17,0
73001,70269,18,0
73001,70271,19,0
73001,70273,20,0
73001,70275,21,0
73001,70277,22,0
73001,70279,23,0
73001,70281,24,0
73001,403077,25,0
73001,70285,26,0
73001,70287,27,0
73001,70289,28,0
73001,70301,29,0
73001,70291,30,0
73001,70293,31,0
73001,70295,32,0
73001,70297,33,0
73001,70039,34,0
73001,70007,35,0
73001,203242,36,0
73001,70000,37,1
73100,70000,1,0
73100,201219,2,0
73100,70500,3,0
73100,70008,4,0
73100,70038,5,0
73100,70224,6,0
73100,70298,7,0
73100,70296,8,0
73100,70294,9,0
73100,70292,10,0
73100,70302,11,0
73100,70290,12,0
73100,70288,13,0
73100,70286,14,0
73100,401077,15,0
73100,70282,16,0
73100,70280,17,0
73100,70278,18,0
73100,70276,19,0
73100,70274,20,0
73100,70272,21,0
73100,70270,22,0
73100,70268,23,0
73100,70266,24,0
73100,70264,25,0
73100,70262,26,0
73100,70260,27,0
73100,70256,28,0
73100,70254,29,0
73100,70252,30,1
73101,70251,1,0
73101,70253,2,0
73101,70255,3,0
73101,70259,4,0
73101,70261,5,0
73101,70263,6,0
73101,70265,7,0
73101,70267,8,0
73101,70269,9,0
73101,70271,10,0
73101,70273,11,0
73101,70275,12,0
73101,70277,13,0
73101,70279,14,0
73101,70281,15,0
73101,403077,16,0
73101,70285,17,0
73101,70287,18,0
73101,70289,19,0
73101,70301,20,0
73101,70291,21,0
73101,70293,22,0
73101,70295,23,0
73101,70297,24,0
73101,70223,25,0
73101,70039,26,0
73101,70007,27,0
73101,70500,28,0
73101,70000,29,1
73200,70000,1,0
73200,70008,2,0
73200,70038,3,0
73200,70224,4,0
73200,70298,5,0
73200,70296,6,0
73200,401077,7,0
73200,70282,8,0
73200,70270,9,0
73200,70268,10,0
73200,70266,11,0
73200,70264,12,0
73200,70262,13,0
73200,70260,14,0
73200,70256,15,0
73200,70252,16,1
73201,70251,1,0
73201,70255,2,0
73201,70259,3,0
73201,70261,4,0
73201,70263,5,0
73201,70265,6,0
73201,70267,7,0
73201,70269,8,0
73201,70281,9,0
73201,403077,10,0
73201,70295,11,0
73201,70297,12,0
73201,70223,13,0
73201,70039,14,0
73201,70007,15,0
73201,103029,16,0
73201,203242,17,0
73201,70500,18,0
73201,70000,19,1
73300,70000,1,0
73300,70224,2,0
73300,401077,3,1
73301,403077,1,0
73301,70223,2,0
73301,70500,3,0
73301,70000,4,1
